date,code,open,high,low,close,preclose,volume,amount,pctChg,label,UpOrDown
2007-06-29,sh.601998,9.1800,9.4800,9.0300,9.2000,9.3600,28809517,265762140.0000,-1.709400,LH,Down
2007-07-02,sh.601998,9.1600,9.3000,8.9000,9.1800,9.2000,24575457,223472646.0000,-0.217386,LH,Down
2007-07-03,sh.601998,9.1900,9.3800,9.1800,9.3100,9.1800,21037373,195228978.0000,1.416123,HH,Up
2007-07-04,sh.601998,9.3300,9.4100,9.0300,9.0900,9.3100,16268567,149738142.0000,-2.363053,HL,Down
2007-07-05,sh.601998,8.9400,9.0600,8.5000,8.5100,9.0900,31559920,275770768.0000,-6.380637,LL,Down
2007-07-06,sh.601998,8.5100,8.9000,8.4400,8.8700,8.5100,26985554,234321589.0000,4.230313,SH,Up
2007-07-09,sh.601998,8.8800,9.0400,8.7900,8.9400,8.8700,24819335,221808569.0000,0.789174,HH,Up
2007-07-10,sh.601998,9.0000,9.3400,8.9500,9.0400,8.9400,33620778,307412939.0000,1.118572,HH,Up
2007-07-11,sh.601998,9.0500,9.1600,8.9200,9.0500,9.0400,16178529,146258105.0000,0.110622,HS,Up
2007-07-12,sh.601998,9.0800,9.2400,9.0300,9.1400,9.0500,16768583,153380790.0000,0.994477,HH,Up
2007-07-13,sh.601998,9.1400,9.2000,9.0000,9.0500,9.1400,10566093,95524687.0000,-0.984684,SL,Down
2007-07-16,sh.601998,9.2200,9.2700,9.0000,9.0500,9.0500,15346159,139998000.0000,0.000000,HL,Smooth
2007-07-17,sh.601998,9.0500,9.5000,9.0500,9.4000,9.0500,39787522,371657017.0000,3.867397,SH,Up
2007-07-18,sh.601998,9.4000,9.6800,9.3000,9.5100,9.4000,47001672,447144517.0000,1.170219,SH,Up
2007-07-19,sh.601998,9.5100,9.5800,9.3300,9.4100,9.5100,20367467,192214295.0000,-1.051529,SL,Down
2007-07-20,sh.601998,9.4000,9.8000,9.3400,9.7800,9.4100,46085756,445283242.0000,3.931986,LH,Up
2007-07-23,sh.601998,9.9300,10.2700,9.9300,10.0100,9.7800,79873739,804879456.0000,2.351743,HH,Up
2007-07-24,sh.601998,10.0500,10.1400,9.9000,9.9400,10.0100,43102468,432249932.0000,-0.699307,HL,Down
2007-07-25,sh.601998,9.9400,10.9300,9.9200,10.9300,9.9400,102969405,1082302840.0000,9.959766,SH,Up
2007-07-26,sh.601998,11.0600,11.3800,10.8800,10.9500,10.9300,146335666,1621086373.0000,0.182978,HL,Up
2007-07-27,sh.601998,10.8100,10.9900,10.6500,10.8000,10.9500,61510959,664146392.0000,-1.369860,LL,Down
2007-07-30,sh.601998,10.6400,10.9000,10.3500,10.8100,10.8000,187690788,1993331109.0000,0.092595,LH,Up
2007-07-31,sh.601998,10.6400,10.7500,10.3600,10.4900,10.8100,106223652,1119411631.0000,-2.960228,LL,Down
2007-08-01,sh.601998,10.5400,10.7700,10.0000,10.0400,10.4900,102645922,1065826686.0000,-4.289798,HL,Down
2007-08-02,sh.601998,10.1500,10.3700,9.9000,10.2800,10.0400,73590441,751269305.0000,2.390436,HH,Up
2007-08-03,sh.601998,10.2800,10.8000,10.2800,10.6900,10.2800,112442235,1186095514.0000,3.988326,SH,Up
2007-08-06,sh.601998,10.7500,10.7800,10.3400,10.5300,10.6900,95764605,1009101970.0000,-1.496724,HL,Down
2007-08-07,sh.601998,10.5700,10.9400,10.4600,10.6400,10.5300,140504733,1509307593.0000,1.044640,HH,Up
2007-08-08,sh.601998,10.5000,11.2300,10.4300,10.8900,10.6400,145995179,1588038550.0000,2.349624,LH,Up
2007-08-09,sh.601998,10.8900,10.9800,10.6200,10.8000,10.8900,76337874,824643498.0000,-0.826448,SL,Down
2007-08-10,sh.601998,10.9900,11.0900,10.6500,10.9400,10.8000,124501421,1362244898.0000,1.296291,HL,Up
2007-08-13,sh.601998,11.0500,11.7900,10.9400,11.4200,10.9400,196472300,2231640222.0000,4.387573,HH,Up
2007-08-14,sh.601998,11.4200,11.4200,11.0900,11.2500,11.4200,92151416,1032775697.0000,-1.488617,SL,Down
2007-08-15,sh.601998,11.2400,11.5000,11.0100,11.3300,11.2500,105955188,1197982903.0000,0.711110,LH,Up
2007-08-16,sh.601998,11.3200,11.7700,11.1500,11.3800,11.3300,131381233,1509989657.0000,0.441308,LH,Up
2007-08-17,sh.601998,11.3000,11.6000,10.8500,10.9100,11.3800,117039687,1304331197.0000,-4.130055,LL,Down
2007-08-21,sh.601998,11.7100,11.7700,11.3800,11.4200,10.9100,124845235,1437180388.0000,4.674613,HL,Up
2007-08-22,sh.601998,11.2000,11.4900,11.1500,11.3500,11.4200,86418619,976414498.0000,-0.612957,LH,Down
2007-08-23,sh.601998,11.3500,11.4400,11.0500,11.2000,11.3500,86255692,962221218.0000,-1.321591,SL,Down
2007-08-24,sh.601998,11.3500,11.6000,11.2100,11.5700,11.2000,143991723,1647160396.0000,3.303570,HH,Up
2007-08-27,sh.601998,11.8000,12.7300,11.8000,12.5700,11.5700,273019519,3372132103.0000,8.643043,HH,Up
2007-08-28,sh.601998,12.3500,12.8800,12.0600,12.5100,12.5700,146281150,1831463893.0000,-0.477323,LH,Down
2007-08-29,sh.601998,12.3000,12.4800,11.9100,11.9600,12.5100,119760856,1450895044.0000,-4.396484,LL,Down
2007-08-30,sh.601998,12.0200,12.4500,12.0200,12.2100,11.9600,74399224,909715991.0000,2.090301,HH,Up
2007-08-31,sh.601998,12.2000,12.2000,11.9300,12.1100,12.2100,68212001,822011834.0000,-0.819004,LL,Down
2007-09-03,sh.601998,12.1200,12.2900,12.0200,12.1200,12.1100,79463985,963780961.0000,0.082578,HS,Up
2007-09-04,sh.601998,12.1200,12.2200,12.0000,12.0700,12.1200,61087410,738501003.0000,-0.412543,SL,Down
2007-09-05,sh.601998,12.0600,12.2700,11.7000,12.0000,12.0700,60224990,723267281.0000,-0.579948,LL,Down
2007-09-06,sh.601998,12.0500,12.4500,12.0000,12.2300,12.0000,94415658,1154430589.0000,1.916663,HH,Up
2007-09-07,sh.601998,12.1300,12.2200,11.8000,11.8400,12.2300,77574422,926299796.0000,-3.188875,LL,Down
2007-09-10,sh.601998,11.7200,12.4500,11.4800,12.1900,11.8400,92646979,1106490054.0000,2.956076,LH,Up
2007-09-11,sh.601998,12.1000,12.1000,11.1100,11.2700,12.1900,71789030,843250283.0000,-7.547163,LL,Down
2007-09-12,sh.601998,11.2500,11.4800,10.8800,11.2000,11.2700,58449777,651385678.0000,-0.621124,LL,Down
2007-09-13,sh.601998,11.2000,11.3900,11.0600,11.3600,11.2000,48623123,545601532.0000,1.428570,SH,Up
2007-09-14,sh.601998,11.3800,11.4500,11.0000,11.3700,11.3600,53663869,601223180.0000,0.088030,HL,Up
2007-09-17,sh.601998,11.5000,11.7700,11.4200,11.4900,11.3700,71606174,828417170.0000,1.055408,HL,Up
2007-09-18,sh.601998,11.4900,11.6000,11.1500,11.4800,11.4900,51854053,586104706.0000,-0.087034,SL,Down
2007-09-19,sh.601998,11.5000,11.5700,11.1500,11.1900,11.4800,33128271,372876164.0000,-2.526132,HL,Down
2007-09-20,sh.601998,11.2500,11.3500,11.1000,11.1800,11.1900,32879300,367867749.0000,-0.089359,HL,Down
2007-09-21,sh.601998,11.1900,11.2500,10.9100,11.0500,11.1800,36634415,403963102.0000,-1.162792,HL,Down
2007-09-24,sh.601998,11.0400,11.1800,10.7800,11.1100,11.0500,33822842,371303127.0000,0.542982,LH,Up
2007-09-25,sh.601998,11.1300,11.1800,10.8000,10.8300,11.1100,31216058,340173539.0000,-2.520250,HL,Down
2007-09-26,sh.601998,10.8300,10.9900,10.6900,10.7100,10.8300,22748619,246419010.0000,-1.108032,SL,Down
2007-09-27,sh.601998,10.7100,10.8100,10.6100,10.7500,10.7100,27676876,296720485.0000,0.373482,SH,Up
2007-09-28,sh.601998,10.9000,11.1000,10.8300,11.0500,10.7500,46029083,503839507.0000,2.790699,HH,Up
2007-10-08,sh.601998,11.2100,11.5500,11.0700,11.2500,11.0500,67251864,761556088.0000,1.809953,HH,Up
2007-10-09,sh.601998,11.2600,11.3500,11.1200,11.2000,11.2500,33652332,377114223.0000,-0.444446,HL,Down
2007-10-10,sh.601998,11.3000,11.6700,11.2000,11.2800,11.2000,71064145,813650378.0000,0.714285,HL,Up
2007-10-11,sh.601998,11.3000,11.8200,11.1000,11.7400,11.2800,131249189,1512093720.0000,4.078014,HH,Up
2007-10-12,sh.601998,11.7000,11.7300,10.8200,11.2900,11.7400,82938852,935812445.0000,-3.833048,LL,Down
2007-10-15,sh.601998,11.2600,11.4000,10.9100,11.3600,11.2900,65327347,727528054.0000,0.620015,LH,Up
2007-10-16,sh.601998,11.5200,12.0000,11.5200,11.6800,11.3600,137709743,1617581246.0000,2.816907,HH,Up
2007-10-17,sh.601998,11.7000,11.7000,11.3000,11.4100,11.6800,47589321,546053027.0000,-2.311648,HL,Down
2007-10-18,sh.601998,11.3500,11.4700,10.9500,10.9600,11.4100,42240778,468795019.0000,-3.943907,LL,Down
2007-10-19,sh.601998,11.0100,11.1500,10.8000,10.8400,10.9600,29658034,324850514.0000,-1.094889,HL,Down
2007-10-22,sh.601998,10.7000,10.8800,10.4600,10.4700,10.8400,31621991,336297058.0000,-3.413283,LL,Down
2007-10-23,sh.601998,10.4700,10.8900,10.3500,10.7700,10.4700,30949217,326504337.0000,2.865331,SH,Up
2007-10-24,sh.601998,10.7700,10.9600,10.5300,10.5500,10.7700,32375158,348872637.0000,-2.042714,SL,Down
2007-10-25,sh.601998,10.3900,10.6000,9.9600,10.0400,10.5500,46163427,469728771.0000,-4.834125,LL,Down
2007-10-26,sh.601998,10.0000,10.5500,9.9000,10.5300,10.0400,39285736,402506563.0000,4.880476,LH,Up
2007-10-29,sh.601998,10.8000,11.1300,10.6800,10.8800,10.5300,60716743,661621734.0000,3.323840,HH,Up
2007-10-30,sh.601998,10.9100,11.0900,10.5500,10.9100,10.8800,41793132,454485058.0000,0.275733,HS,Up
2007-10-31,sh.601998,11.0100,11.8000,10.9000,11.6400,10.9100,112449695,1274197520.0000,6.691114,HH,Up
2007-11-01,sh.601998,11.5900,11.8200,11.4000,11.5300,11.6400,110345565,1284949855.0000,-0.945022,LL,Down
2007-11-02,sh.601998,11.3000,11.9000,11.2000,11.7800,11.5300,103003946,1200270215.0000,2.168257,LH,Up
2007-11-05,sh.601998,11.8700,11.9800,11.4500,11.6000,11.7800,89572756,1052391435.0000,-1.528008,HL,Down
2007-11-06,sh.601998,11.5000,11.6500,11.1000,11.1400,11.6000,40903691,462992347.0000,-3.965518,LL,Down
2007-11-07,sh.601998,11.2100,11.4800,11.1100,11.4400,11.1400,35250029,398584510.0000,2.692991,HH,Up
2007-11-08,sh.601998,11.3500,11.4200,10.7500,10.8000,11.4400,41941455,464436443.0000,-5.594400,LL,Down
2007-11-09,sh.601998,10.6600,10.8800,10.4000,10.7100,10.8000,36076812,384470801.0000,-0.833335,LH,Down
2007-11-12,sh.601998,10.4500,10.5900,10.0800,10.4400,10.7100,31934536,330983036.0000,-2.521013,LL,Down
2007-11-13,sh.601998,10.5700,10.7600,10.2100,10.3300,10.4400,25025806,262597642.0000,-1.053637,HL,Down
2007-11-14,sh.601998,10.4400,10.7100,10.3500,10.7000,10.3300,22969826,242194377.0000,3.581800,HH,Up
2007-11-15,sh.601998,10.6900,10.8200,10.4400,10.5800,10.7000,20817328,220959246.0000,-1.121494,LL,Down
2007-11-16,sh.601998,10.4800,10.5100,10.2800,10.4200,10.5800,18296630,189748269.0000,-1.512286,LL,Down
2007-11-19,sh.601998,10.4400,10.5000,10.3500,10.5000,10.4200,15223608,159017391.0000,0.767754,HH,Up
2007-11-20,sh.601998,10.4900,10.6300,10.2800,10.5500,10.5000,21115359,220892768.0000,0.476192,LH,Up
2007-11-21,sh.601998,10.5500,10.6000,10.3200,10.3400,10.5500,17627208,183996475.0000,-1.990522,SL,Down
2007-11-22,sh.601998,10.1500,10.2700,9.9700,10.0000,10.3400,24839269,250717766.0000,-3.288203,LL,Down
2007-11-23,sh.601998,9.9500,10.2000,9.9000,10.1900,10.0000,14348560,143730170.0000,1.899996,LH,Up
2007-11-26,sh.601998,10.3000,10.3700,10.0000,10.0200,10.1900,15344276,155951698.0000,-1.668294,HL,Down
2007-11-27,sh.601998,10.0000,10.1800,9.9400,10.0200,10.0200,10515685,105792945.0000,0.000000,LH,Smooth
2007-11-28,sh.601998,10.0300,10.1400,9.8200,9.8400,10.0200,14138014,140934417.0000,-1.796410,HL,Down
2007-11-29,sh.601998,9.9800,10.2800,9.8600,10.1800,9.8400,24310081,245728388.0000,3.455286,HH,Up
2007-11-30,sh.601998,10.2200,10.2500,9.9800,10.0100,10.1800,13721341,138420053.0000,-1.669942,HL,Down
2007-12-03,sh.601998,10.0000,10.1900,9.9000,10.1100,10.0100,12721943,127944582.0000,0.998995,LH,Up
2007-12-04,sh.601998,10.1300,10.3000,10.1100,10.1500,10.1100,11932291,121694516.0000,0.395647,HH,Up
2007-12-05,sh.601998,10.1800,10.3100,10.1000,10.2900,10.1500,18238742,186471303.0000,1.379314,HH,Up
2007-12-06,sh.601998,10.3100,10.3400,10.1400,10.2500,10.2900,12008654,122765915.0000,-0.388726,HL,Down
2007-12-07,sh.601998,10.2200,10.2800,10.0100,10.2700,10.2500,20851653,212176118.0000,0.195126,LH,Up
2007-12-10,sh.601998,10.0100,10.3000,9.9700,10.3000,10.2700,32959079,335286950.0000,0.292110,LH,Up
2007-12-11,sh.601998,10.4400,10.4700,10.1900,10.3200,10.3000,41170850,425120075.0000,0.194170,HL,Up
2007-12-12,sh.601998,10.2900,10.2900,10.0800,10.1300,10.3200,23773411,241505759.0000,-1.841081,LL,Down
2007-12-13,sh.601998,10.0500,10.1800,9.9800,9.9900,10.1300,26772757,268871437.0000,-1.382037,LL,Down
2007-12-14,sh.601998,9.9400,10.0600,9.8700,10.0500,9.9900,19569517,194936840.0000,0.600605,LH,Up
2007-12-17,sh.601998,10.0200,10.0200,9.7000,9.7100,10.0500,33794369,331344811.0000,-3.383086,LL,Down
2007-12-18,sh.601998,9.7000,9.8200,9.6000,9.7400,9.7100,12916074,125487090.0000,0.308957,LH,Up
2007-12-19,sh.601998,9.8200,10.0400,9.7600,10.0200,9.7400,19297981,190788555.0000,2.874750,HH,Up
2007-12-20,sh.601998,10.1000,10.1300,9.9500,10.0900,10.0200,26267759,264070261.0000,0.698600,HL,Up
2007-12-21,sh.601998,10.0000,10.1900,9.9500,10.1000,10.0900,20789355,209248843.0000,0.099110,LH,Up
2007-12-24,sh.601998,10.1000,10.2500,10.0600,10.1900,10.1000,31985351,324704824.0000,0.891081,SH,Up
2007-12-25,sh.601998,10.1900,10.2200,10.0500,10.0700,10.1900,20974891,212136859.0000,-1.177624,SL,Down
2007-12-26,sh.601998,10.0800,10.1800,9.9700,10.1000,10.0700,29613600,297404512.0000,0.297921,HH,Up
2007-12-27,sh.601998,10.1000,10.3100,10.0000,10.2400,10.1000,46416375,473057349.0000,1.386133,SH,Up
2007-12-28,sh.601998,10.2500,10.3000,10.1200,10.1500,10.2400,35712460,364316645.0000,-0.878908,HL,Down
2008-01-02,sh.601998,10.1800,10.3500,10.1600,10.3000,10.1500,32965527,338750610.0000,1.477838,HH,Up
2008-01-03,sh.601998,10.3000,10.3000,10.1000,10.3000,10.3000,36819725,374968949.0000,0.000000,SS,Smooth
2008-01-04,sh.601998,10.3000,10.4600,10.2800,10.3400,10.3000,38200392,396385603.0000,0.388349,SH,Up
2008-01-07,sh.601998,10.3400,10.4700,10.2500,10.3900,10.3400,40032151,414813364.0000,0.483561,SH,Up
2008-01-08,sh.601998,10.4500,10.6500,10.3000,10.4200,10.3900,56187543,590694455.0000,0.288737,HL,Up
2008-01-09,sh.601998,10.4000,10.4700,10.2600,10.3900,10.4200,33405294,345475688.0000,-0.287905,LL,Down
2008-01-10,sh.601998,10.4000,10.4600,10.3000,10.3400,10.3900,43239304,446895438.0000,-0.481234,HL,Down
2008-01-11,sh.601998,10.3800,10.6900,10.3800,10.6500,10.3400,68780404,724889016.0000,2.998060,HH,Up
2008-01-14,sh.601998,10.7000,10.7500,10.5200,10.6000,10.6500,41910412,444972974.0000,-0.469476,HL,Down
2008-01-15,sh.601998,10.9000,11.0600,10.6100,10.7200,10.6000,54094495,584269450.0000,1.132074,HL,Up
2008-01-16,sh.601998,10.6500,10.6500,10.3600,10.3700,10.7200,35405839,370812475.0000,-3.264929,LL,Down
2008-01-17,sh.601998,10.2800,10.4400,10.0100,10.2000,10.3700,33627904,342917356.0000,-1.639345,LL,Down
2008-01-18,sh.601998,10.2600,10.3000,10.1200,10.2400,10.2000,17692324,180570663.0000,0.392157,HL,Up
2008-01-21,sh.601998,10.2400,10.2400,9.6800,9.7600,10.2400,29952228,298345585.0000,-4.687496,SL,Down
2008-01-22,sh.601998,9.6800,9.6800,8.7800,8.8200,9.7600,42406324,386838478.0000,-9.631152,LL,Down
2008-01-23,sh.601998,8.8300,9.1900,8.8300,9.1600,8.8200,23608839,213900458.0000,3.854877,HH,Up
2008-01-24,sh.601998,9.2300,9.3000,8.9100,9.0800,9.1600,24202998,219777655.0000,-0.873362,HL,Down
2008-01-25,sh.601998,9.0600,9.3600,8.9000,9.2500,9.0800,20573554,188099054.0000,1.872248,LH,Up
2008-01-28,sh.601998,9.2000,9.2000,8.4900,8.5200,9.2500,23416408,206273969.0000,-7.891887,LL,Down
2008-01-29,sh.601998,8.6600,8.9100,8.5000,8.9000,8.5200,14569214,126924145.0000,4.460083,HH,Up
2008-01-30,sh.601998,8.9500,9.0700,8.6400,8.8200,8.9000,12291142,108974532.0000,-0.898876,HL,Down
2008-01-31,sh.601998,8.8400,8.9800,8.7000,8.7800,8.8200,9458285,83800174.0000,-0.453514,HL,Down
2008-02-01,sh.601998,8.8500,8.9600,8.5000,8.7800,8.7800,11849497,103488776.0000,0.000000,HL,Smooth
2008-02-04,sh.601998,9.0100,9.4700,8.9000,9.4700,8.7800,26363457,244511864.0000,7.858776,HH,Up
2008-02-05,sh.601998,9.4900,9.4900,9.1900,9.3700,9.4700,20377154,189758658.0000,-1.055970,HL,Down
2008-02-13,sh.601998,9.2300,9.2700,9.0600,9.1100,9.3700,8569300,78431308.0000,-2.774816,LL,Down
2008-02-14,sh.601998,9.1300,9.2500,9.1000,9.1700,9.1100,6410555,58775049.0000,0.658621,HH,Up
2008-02-15,sh.601998,9.1600,9.1600,8.8000,8.9900,9.1700,9597060,85920607.0000,-1.962926,LL,Down
2008-02-18,sh.601998,9.0300,9.1900,9.0100,9.0700,8.9900,10438126,94751898.0000,0.889877,HH,Up
2008-02-19,sh.601998,9.0700,9.2300,9.0100,9.2000,9.0700,13107902,119384120.0000,1.433298,SH,Up
2008-02-20,sh.601998,9.2300,9.2400,8.8800,8.9300,9.2000,20097860,180823414.0000,-2.934777,HL,Down
2008-02-21,sh.601998,8.8500,8.9500,8.7500,8.8700,8.9300,12489343,110463268.0000,-0.671897,LH,Down
2008-02-22,sh.601998,8.8800,8.8800,8.5200,8.6200,8.8700,17917122,154878105.0000,-2.818489,HL,Down
2008-02-25,sh.601998,8.6200,8.7100,8.5000,8.5300,8.6200,12175094,104274977.0000,-1.044085,SL,Down
2008-02-26,sh.601998,8.7200,8.8000,8.5100,8.7300,8.5300,9836163,84991046.0000,2.344664,HH,Up
2008-02-27,sh.601998,8.7400,8.9800,8.6900,8.8700,8.7300,10723761,95236884.0000,1.603670,HH,Up
2008-02-28,sh.601998,8.9800,8.9900,8.7400,8.7700,8.8700,7867540,69282498.0000,-1.127389,HL,Down
2008-02-29,sh.601998,8.7700,8.8900,8.7200,8.8500,8.7700,7556579,66650728.0000,0.912200,SH,Up
2008-03-03,sh.601998,8.8000,8.9600,8.6800,8.9100,8.8500,13000980,115108024.0000,0.677960,LH,Up
2008-03-04,sh.601998,8.9100,8.9300,8.6300,8.6600,8.9100,18564649,162596210.0000,-2.805836,SL,Down
2008-03-05,sh.601998,8.6600,8.7800,8.5500,8.6300,8.6600,12543471,108155718.0000,-0.346417,SL,Down
2008-03-06,sh.601998,8.6400,8.9700,8.5100,8.7200,8.6300,19429267,169460035.0000,1.042875,HH,Up
2008-03-07,sh.601998,8.6200,8.7500,8.6000,8.6400,8.7200,9354249,80910652.0000,-0.917430,LH,Down
2008-03-10,sh.601998,8.6400,8.6500,8.4000,8.4100,8.6400,14444231,122874895.0000,-2.662043,SL,Down
2008-03-11,sh.601998,8.3800,8.4200,8.2200,8.3900,8.4100,10456779,87104201.0000,-0.237806,LH,Down
2008-03-12,sh.601998,8.5600,8.6000,8.0800,8.1200,8.3900,14878814,123046062.0000,-3.218122,HL,Down
2008-03-13,sh.601998,8.0800,8.1200,7.8100,7.8800,8.1200,14568758,115726230.0000,-2.955662,LL,Down
2008-03-14,sh.601998,7.9000,7.9800,7.8000,7.8900,7.8800,7224068,56841347.0000,0.126900,HL,Up
2008-03-17,sh.601998,7.8200,7.9300,7.6000,7.6100,7.8900,9792168,75819538.0000,-3.548793,LL,Down
2008-03-18,sh.601998,7.6100,7.7600,6.8900,7.0500,7.6100,15868457,115614069.0000,-7.358737,SL,Down
2008-03-19,sh.601998,7.1100,7.4000,7.0700,7.2200,7.0500,11806634,85300261.0000,2.411342,HH,Up
2008-03-20,sh.601998,7.2000,7.4500,6.9100,7.3600,7.2200,13555080,97165623.0000,1.939063,LH,Up
2008-03-21,sh.601998,7.4100,7.4500,7.2300,7.3100,7.3600,10057070,73736425.0000,-0.679350,HL,Down
2008-03-24,sh.601998,7.3900,7.4400,7.0500,7.0600,7.3100,9093886,65722644.0000,-3.419973,HL,Down
2008-03-25,sh.601998,7.0000,7.2000,6.9200,7.1700,7.0600,7633192,54214951.0000,1.558076,LH,Up
2008-03-26,sh.601998,7.2600,7.4100,7.1800,7.2400,7.1700,8402674,61409119.0000,0.976286,HL,Up
2008-03-27,sh.601998,7.0100,7.1800,6.8400,6.8500,7.2400,10915681,75937700.0000,-5.386738,LL,Down
2008-03-28,sh.601998,6.8400,7.2800,6.7300,7.2300,6.8500,19149174,135872320.0000,5.547447,LH,Up
2008-03-31,sh.601998,7.0900,7.2500,7.0000,7.1100,7.2300,8784172,62545966.0000,-1.659750,LH,Down
2008-04-01,sh.601998,7.1000,7.2500,6.8700,6.8900,7.1100,11310000,79304832.0000,-3.094237,LL,Down
2008-04-02,sh.601998,7.0200,7.3900,6.9000,7.1900,6.8900,24945263,179358858.0000,4.354139,HH,Up
2008-04-03,sh.601998,7.1500,7.3500,6.9700,7.3400,7.1900,15541531,112432602.0000,2.086232,LH,Up
2008-04-07,sh.601998,7.2800,7.5900,7.1600,7.5600,7.3400,20334184,151387006.0000,2.997272,LH,Up
2008-04-08,sh.601998,7.5000,7.6200,7.4000,7.5000,7.5600,17105794,127996551.0000,-0.793650,LS,Down
2008-04-09,sh.601998,7.4800,7.4800,7.0800,7.0900,7.5000,13513561,98497569.0000,-5.466665,LL,Down
2008-04-10,sh.601998,7.0500,7.1700,7.0000,7.1300,7.0900,8581952,60797138.0000,0.564174,LH,Up
2008-04-11,sh.601998,7.2100,7.2500,7.1100,7.2000,7.1300,6694411,48046013.0000,0.981763,HL,Up
2008-04-14,sh.601998,7.0900,7.1100,6.8100,6.8400,7.2000,10769872,74847133.0000,-4.999995,LL,Down
2008-04-15,sh.601998,6.8500,6.9300,6.6200,6.8900,6.8400,7763082,52650939.0000,0.730990,HH,Up
2008-04-16,sh.601998,6.9000,6.9400,6.7000,6.7100,6.8900,5015515,34086162.0000,-2.612479,HL,Down
2008-04-17,sh.601998,6.7000,6.8100,6.3000,6.3200,6.7100,11468551,74682815.0000,-5.812218,LL,Down
2008-04-18,sh.601998,6.3400,6.3800,6.0100,6.0500,6.3200,10804697,66330031.0000,-4.272151,HL,Down
2008-04-21,sh.601998,6.5000,6.5800,6.1000,6.1400,6.0500,10035329,63238969.0000,1.487598,HL,Up
2008-04-22,sh.601998,6.1000,6.4200,5.8600,6.3400,6.1400,15390859,93732866.0000,3.257334,LH,Up
2008-04-23,sh.601998,6.2500,6.5700,6.2000,6.5000,6.3400,19108012,122971970.0000,2.523657,LH,Up
2008-04-24,sh.601998,7.0800,7.1500,6.8000,7.1500,6.5000,55385945,389750925.0000,10.000000,HH,Up
2008-04-25,sh.601998,7.0800,7.1600,6.9000,6.9200,7.1500,37423745,263154180.0000,-3.216783,LL,Down
2008-04-28,sh.601998,6.8500,6.9800,6.7300,6.8100,6.9200,23547525,161201587.0000,-1.589597,LL,Down
2008-04-29,sh.601998,6.8200,6.9600,6.7800,6.8100,6.8100,15608220,106973740.0000,0.000000,HL,Smooth
2008-04-30,sh.601998,6.9000,7.2000,6.8900,7.1900,6.8100,45470144,321826226.0000,5.580031,HH,Up
2008-05-05,sh.601998,7.3000,7.3500,7.1200,7.2400,7.1900,29150481,210523800.0000,0.695406,HL,Up
2008-05-06,sh.601998,7.2300,7.2300,7.0600,7.1500,7.2400,21697257,154803851.0000,-1.243090,LL,Down
2008-05-07,sh.601998,7.1100,7.1800,6.8100,6.8200,7.1500,19249261,134944178.0000,-4.615384,LL,Down
2008-05-08,sh.601998,6.7500,6.9000,6.7100,6.9000,6.8200,12874784,87617246.0000,1.173019,LH,Up
2008-05-09,sh.601998,6.9500,6.9900,6.6600,6.7700,6.9000,16235136,110472338.0000,-1.884060,HL,Down
2008-05-12,sh.601998,6.6900,6.8900,6.5700,6.7900,6.7700,14954239,100536257.0000,0.295421,LH,Up
2008-05-13,sh.601998,6.6000,6.7200,6.5500,6.5900,6.7900,14327342,94784739.0000,-2.945505,LL,Down
2008-05-14,sh.601998,6.5900,6.9200,6.5800,6.9100,6.5900,21109705,143421657.0000,4.855837,SH,Up
2008-05-15,sh.601998,6.9100,6.9600,6.8100,6.8200,6.9100,16327626,112445502.0000,-1.302456,SL,Down
2008-05-16,sh.601998,6.8100,6.9200,6.7500,6.7900,6.8200,10799979,73694781.0000,-0.439886,LL,Down
2008-05-19,sh.601998,6.7900,6.8800,6.7000,6.7400,6.7900,7198691,48559268.0000,-0.736380,SL,Down
2008-05-20,sh.601998,6.7400,6.8100,6.3700,6.3800,6.7400,12702303,83650498.0000,-5.341241,SL,Down
2008-05-21,sh.601998,6.3800,6.4900,6.1600,6.4400,6.3800,16050396,101068992.0000,0.940438,SH,Up
2008-05-22,sh.601998,6.4200,6.4600,6.2800,6.3600,6.4400,17445522,110945899.0000,-1.242235,LL,Down
2008-05-23,sh.601998,6.3500,6.4800,6.2600,6.3800,6.3600,10564900,67426038.0000,0.314465,LH,Up
2008-05-26,sh.601998,6.3500,6.3500,6.2000,6.2400,6.3800,9617077,60097427.0000,-2.194363,LL,Down
2008-05-27,sh.601998,6.1900,6.3000,6.1900,6.3000,6.2400,5256336,32896996.0000,0.961545,LH,Up
2008-05-28,sh.601998,6.3000,6.4900,6.2300,6.4500,6.3000,9842500,62860835.0000,2.380946,SH,Up
2008-05-29,sh.601998,6.4100,6.4400,6.2800,6.3000,6.4500,8149833,51875395.0000,-2.325576,LL,Down
2008-05-30,sh.601998,6.3100,6.4200,6.2500,6.3700,6.3000,6262563,39717800.0000,1.111106,HH,Up
2008-06-02,sh.601998,6.3900,6.5200,6.3000,6.4900,6.3700,10594714,68205003.0000,1.883829,HH,Up
2008-06-03,sh.601998,6.4500,6.4800,6.3300,6.3700,6.4900,5962694,38126239.0000,-1.848997,LL,Down
2008-06-04,sh.601998,6.3900,6.4000,6.2100,6.3100,6.3700,6414368,40305173.0000,-0.941914,HL,Down
2008-06-05,sh.601998,6.2800,6.3500,6.2000,6.3200,6.3100,5666930,35628344.0000,0.158482,LH,Up
2008-06-06,sh.601998,6.3100,6.3700,6.2400,6.2700,6.3200,5227106,32861151.0000,-0.791142,LL,Down
2008-06-10,sh.601998,6.0800,6.0800,5.6400,5.6800,6.2700,18059135,105170348.0000,-9.409891,LL,Down
2008-06-11,sh.601998,5.6800,5.7700,5.6000,5.6900,5.6800,9581137,54574351.0000,0.176060,SH,Up
2008-06-13,sh.601998,5.6200,5.6800,5.3500,5.4200,5.6900,14229853,78595807.0000,-4.745167,LL,Down
2008-06-16,sh.601998,5.4500,5.5800,5.3000,5.4000,5.4200,10919872,59459217.0000,-0.369003,HL,Down
2008-06-17,sh.601998,5.4400,5.4900,5.2400,5.2800,5.4000,8169640,43783277.0000,-2.222220,HL,Down
2008-06-18,sh.601998,5.2500,5.5500,5.2000,5.5400,5.2800,15082357,81706308.0000,4.924237,LH,Up
2008-06-19,sh.601998,5.5300,5.5300,5.0900,5.1100,5.5400,12386673,65823612.0000,-7.761730,LL,Down
2008-06-20,sh.601998,5.1200,5.4700,4.9900,5.2300,5.1100,15392949,80696429.0000,2.348334,HH,Up
2008-06-23,sh.601998,5.2300,5.2700,5.1000,5.2000,5.2300,5977080,31083378.0000,-0.573618,SL,Down
2008-06-24,sh.601998,5.2000,5.4200,5.1500,5.3600,5.2000,12571230,67168078.0000,3.076929,SH,Up
2008-06-25,sh.601998,5.3500,5.4900,5.3000,5.4800,5.3100,11366755,61646350.0000,3.201508,HH,Up
2008-06-26,sh.601998,5.4900,5.4900,5.3000,5.4000,5.4800,11948937,64578763.0000,-1.459853,HL,Down
2008-06-27,sh.601998,5.2500,5.2500,5.0900,5.1000,5.4000,10908791,56421175.0000,-5.555559,LL,Down
2008-06-30,sh.601998,5.0900,5.1500,5.0400,5.1300,5.1000,6158881,31364409.0000,0.588239,LH,Up
2008-07-01,sh.601998,5.1200,5.1400,4.9900,5.0000,5.1300,7753304,38975481.0000,-2.534115,LL,Down
2008-07-02,sh.601998,5.0300,5.1000,4.9700,5.0500,5.0000,6703671,33670697.0000,1.000004,HH,Up
2008-07-03,sh.601998,4.9800,5.2800,4.9200,5.1600,5.0500,9782474,50070588.0000,2.178211,LH,Up
2008-07-04,sh.601998,5.3000,5.3000,5.0900,5.2300,5.1600,7985356,41559030.0000,1.356593,HL,Up
2008-07-07,sh.601998,5.3200,5.6500,5.3200,5.6100,5.2300,30217910,167024773.0000,7.265777,HH,Up
2008-07-08,sh.601998,5.6500,5.6600,5.4500,5.5400,5.6100,27351543,151885906.0000,-1.247775,HL,Down
2008-07-09,sh.601998,5.5900,5.8700,5.5900,5.7700,5.5400,36955566,213235140.0000,4.151625,HH,Up
2008-07-10,sh.601998,5.7000,5.8300,5.6300,5.6900,5.7700,24540758,141090679.0000,-1.386480,LL,Down
2008-07-11,sh.601998,5.6600,5.7900,5.6000,5.7300,5.6900,15801324,89824907.0000,0.702987,LH,Up
2008-07-14,sh.601998,5.7000,5.8500,5.6500,5.8400,5.7300,21822113,126261925.0000,1.919723,LH,Up
2008-07-15,sh.601998,5.8500,5.8700,5.5400,5.5500,5.8400,16198519,91728605.0000,-4.965753,HL,Down
2008-07-16,sh.601998,5.5100,5.5400,5.1900,5.2900,5.5500,17234651,92561947.0000,-4.684689,LL,Down
2008-07-17,sh.601998,5.4400,5.4800,5.2500,5.3100,5.2900,9241624,49505452.0000,0.378072,HL,Up
2008-07-18,sh.601998,5.3700,5.5800,5.3000,5.5600,5.3100,11994183,65401528.0000,4.708098,HH,Up
2008-07-21,sh.601998,5.5000,5.7200,5.4500,5.6800,5.5600,13319173,75193361.0000,2.158271,LH,Up
2008-07-22,sh.601998,5.6400,5.6900,5.5400,5.6000,5.6800,11343449,63544832.0000,-1.408449,LL,Down
2008-07-23,sh.601998,5.6300,5.7000,5.5500,5.6700,5.6000,12926889,72709256.0000,1.250003,HH,Up
2008-07-24,sh.601998,5.6800,5.8300,5.6300,5.7800,5.6700,19087026,109579946.0000,1.940038,HH,Up
2008-07-25,sh.601998,5.7000,5.7300,5.6200,5.6500,5.7800,16278111,92458638.0000,-2.249137,LL,Down
2008-07-28,sh.601998,5.7000,5.8100,5.6600,5.7200,5.6500,13383081,76953145.0000,1.238933,HH,Up
2008-07-29,sh.601998,5.6500,5.6500,5.5000,5.5600,5.7200,11433783,63654239.0000,-2.797200,LL,Down
2008-07-30,sh.601998,5.6100,5.6600,5.5000,5.5500,5.5600,6868194,38305291.0000,-0.179852,HL,Down
2008-07-31,sh.601998,5.5500,5.6000,5.3700,5.4000,5.5500,9351020,50926214.0000,-2.702704,SL,Down
2008-08-01,sh.601998,5.4100,5.6600,5.3300,5.5800,5.4000,10810413,59372444.0000,3.333300,HH,Up
2008-08-04,sh.601998,5.5300,5.6100,5.4400,5.4800,5.5800,7060159,39091566.0000,-1.792100,LL,Down
2008-08-05,sh.601998,5.5300,5.6000,5.4300,5.4500,5.4800,7509289,41489056.0000,-0.547400,HL,Down
2008-08-06,sh.601998,5.4800,5.6100,5.4600,5.5700,5.4500,7906297,43816200.0000,2.201800,HH,Up
2008-08-07,sh.601998,5.5600,5.6300,5.4500,5.5700,5.5700,6205774,34432713.0000,0.000000,LH,Smooth
2008-08-08,sh.601998,5.5500,5.5900,5.2100,5.2200,5.5700,9442763,50691064.0000,-6.283700,LL,Down
2008-08-11,sh.601998,5.2200,5.2800,4.9800,5.0000,5.2200,14521063,73924096.0000,-4.214600,SL,Down
2008-08-12,sh.601998,4.9500,5.0600,4.9100,5.0100,5.0000,7066368,35390072.0000,0.200000,LH,Up
2008-08-13,sh.601998,5.0300,5.1100,4.9000,5.0500,5.0100,7985924,39837877.0000,0.798400,HH,Up
2008-08-14,sh.601998,5.0800,5.0800,5.0200,5.0400,5.0500,3531644,17815947.0000,-0.198000,HL,Down
2008-08-15,sh.601998,5.0600,5.2100,5.0200,5.1800,5.0400,9322031,47908783.0000,2.777800,HH,Up
2008-08-18,sh.601998,5.2000,5.2000,4.9600,4.9600,5.1800,5406941,27247151.0000,-4.247100,HL,Down
2008-08-19,sh.601998,4.9300,5.0900,4.9100,5.0300,4.9600,3676262,18438485.0000,1.411300,LH,Up
2008-08-20,sh.601998,5.0000,5.5100,4.9500,5.4400,5.0300,17903134,95091141.0000,8.151100,LH,Up
2008-08-21,sh.601998,5.4000,5.6000,5.3000,5.3600,5.4400,19635117,107011410.0000,-1.470600,LL,Down
2008-08-22,sh.601998,5.3400,5.3700,5.1900,5.2700,5.3600,9368109,49357885.0000,-1.679100,LL,Down
2008-08-25,sh.601998,5.2900,5.4400,5.2000,5.3500,5.2700,10108940,54194126.0000,1.518000,HH,Up
2008-08-26,sh.601998,5.3200,5.8900,5.2600,5.5700,5.3500,65979249,373246412.0000,4.112100,LH,Up
2008-08-27,sh.601998,5.3800,5.6800,5.3600,5.6000,5.5700,37940493,209969021.0000,0.538600,LH,Up
2008-08-28,sh.601998,5.5800,5.7000,5.5000,5.5600,5.6000,20660307,115544521.0000,-0.714300,LL,Down
2008-08-29,sh.601998,5.5800,5.7200,5.5200,5.6800,5.5600,26596454,150175164.0000,2.158300,HH,Up
2008-09-01,sh.601998,5.6400,5.6400,5.3700,5.3900,5.6800,18813994,102981482.0000,-5.105600,LL,Down
2008-09-02,sh.601998,5.3200,5.3900,5.2400,5.3600,5.3900,11503212,61213023.0000,-0.556600,LH,Down
2008-09-03,sh.601998,5.3200,5.3900,5.1700,5.2000,5.3600,11786115,61817809.0000,-2.985100,LL,Down
2008-09-04,sh.601998,5.2400,5.3800,5.1600,5.2700,5.2000,7940320,41654616.0000,1.346200,HH,Up
2008-09-05,sh.601998,5.1500,5.2100,5.0500,5.0900,5.2700,12102255,62015737.0000,-3.415600,LL,Down
2008-09-08,sh.601998,5.0900,5.2600,5.0500,5.1400,5.0900,14045055,72379557.0000,0.982300,SH,Up
2008-09-09,sh.601998,5.1900,5.2400,5.1100,5.2100,5.1400,9067164,46918369.0000,1.361900,HH,Up
2008-09-10,sh.601998,5.1700,5.4800,5.0300,5.2600,5.2100,13799615,72369365.0000,0.959700,LH,Up
2008-09-11,sh.601998,5.1900,5.2800,5.0000,5.0400,5.2600,14043131,71491577.0000,-4.182500,LL,Down
2008-09-12,sh.601998,5.0400,5.1200,5.0000,5.0400,5.0400,6411360,32448100.0000,0.000000,SS,Smooth
2008-09-16,sh.601998,5.0400,5.0400,4.5400,4.5400,5.0400,22191609,103050196.0000,-9.920600,SL,Down
2008-09-17,sh.601998,4.5100,4.5900,4.1500,4.2000,4.5400,17520279,76028189.0000,-7.489000,LL,Down
2008-09-18,sh.601998,4.0100,4.5800,3.9800,4.4600,4.2000,37399561,160607097.0000,6.190500,LH,Up
2008-09-19,sh.601998,4.9100,4.9100,4.7300,4.9100,4.4600,23382169,114643156.0000,10.089700,HS,Up
2008-09-22,sh.601998,5.4000,5.4000,4.9800,5.4000,4.9100,97317909,518513070.0000,9.979600,HS,Up
2008-09-23,sh.601998,5.1400,5.2900,5.0300,5.0400,5.4000,44911936,230478513.0000,-6.666700,LL,Down
2008-09-24,sh.601998,4.9500,5.0500,4.8000,5.0300,5.0400,20884183,102362678.0000,-0.198400,LH,Down
2008-09-25,sh.601998,5.0300,5.2500,5.0100,5.0900,5.0300,25759156,131954798.0000,1.192800,SH,Up
2008-09-26,sh.601998,5.1300,5.1700,4.9700,5.0700,5.0900,16200017,82006588.0000,-0.392900,HL,Down
2008-10-06,sh.601998,5.0000,5.0000,4.5800,4.6100,5.0700,22268677,106366857.0000,-9.073000,LL,Down
2008-10-07,sh.601998,4.4800,4.7700,4.4000,4.6500,4.6100,16138371,73825854.0000,0.867700,LH,Up
2008-10-08,sh.601998,4.4800,4.5700,4.4200,4.4400,4.6500,13059408,58405723.0000,-4.516100,LL,Down
2008-10-09,sh.601998,4.5600,4.6000,4.3800,4.4000,4.4400,12212877,54512977.0000,-0.900900,HL,Down
2008-10-10,sh.601998,4.3000,4.3000,4.0900,4.2600,4.4000,14297724,60389179.0000,-3.181800,LL,Down
2008-10-13,sh.601998,4.2000,4.6100,4.1600,4.6000,4.2600,20246807,90041979.0000,7.981200,LH,Up
2008-10-14,sh.601998,4.8000,4.8200,4.4100,4.4200,4.6000,23544438,109284048.0000,-3.913000,HL,Down
2008-10-15,sh.601998,4.4100,4.6500,4.3600,4.5400,4.4200,13243725,60086063.0000,2.714900,LH,Up
2008-10-16,sh.601998,4.3800,4.4500,4.2600,4.2900,4.5400,10097632,44039789.0000,-5.506600,LL,Down
2008-10-17,sh.601998,4.3600,4.4100,4.2800,4.3700,4.2900,5494291,23847239.0000,1.864800,HH,Up
2008-10-20,sh.601998,4.3900,4.6000,4.3300,4.5400,4.3700,12271970,55052430.0000,3.890200,HH,Up
2008-10-21,sh.601998,4.6000,4.6000,4.4400,4.4500,4.5400,15081462,68039910.0000,-1.982400,HL,Down
2008-10-22,sh.601998,4.4000,4.4600,4.3200,4.3300,4.4500,7186309,31484968.0000,-2.696600,LL,Down
2008-10-23,sh.601998,4.2800,4.2800,3.9900,4.1900,4.3300,16727138,68970074.0000,-3.233300,LL,Down
2008-10-24,sh.601998,4.1800,4.2300,4.0600,4.0900,4.1900,10546047,43451260.0000,-2.386600,LL,Down
2008-10-27,sh.601998,4.0200,4.0500,3.8000,3.8000,4.0900,13041799,51415880.0000,-7.090500,LL,Down
2008-10-28,sh.601998,3.7700,4.0900,3.7000,4.0000,3.8000,20744333,81239430.0000,5.263200,LH,Up
2008-10-29,sh.601998,4.0400,4.0500,3.8500,3.8500,4.0000,12720697,50229008.0000,-3.750000,HL,Down
2008-10-30,sh.601998,3.8700,4.0500,3.8200,3.9300,3.8500,12478339,49112728.0000,2.077900,HH,Up
2008-10-31,sh.601998,3.9500,3.9800,3.8500,3.8900,3.9300,9246479,36226971.0000,-1.017800,HL,Down
2008-11-03,sh.601998,3.8900,3.9800,3.8300,3.9100,3.8900,8255455,32385745.0000,0.514100,SH,Up
2008-11-04,sh.601998,3.9200,3.9600,3.8700,3.9400,3.9100,9183355,35979491.0000,0.767300,HH,Up
2008-11-05,sh.601998,3.9500,4.1900,3.9400,4.0800,3.9400,21160670,86259420.0000,3.553300,HH,Up
2008-11-06,sh.601998,3.9500,3.9900,3.8900,3.9300,4.0800,10122300,39810838.0000,-3.676500,LL,Down
2008-11-07,sh.601998,3.8800,4.0600,3.8500,3.9900,3.9300,10568298,42133658.0000,1.526700,LH,Up
2008-11-10,sh.601998,4.0700,4.2500,4.0600,4.2300,3.9900,28507555,118873082.0000,6.015000,HH,Up
2008-11-11,sh.601998,4.2000,4.2300,4.1100,4.1100,4.2300,17154293,71520362.0000,-2.836900,LL,Down
2008-11-12,sh.601998,4.0800,4.1900,4.0600,4.1500,4.1100,10875048,44945135.0000,0.973200,LH,Up
2008-11-13,sh.601998,4.1000,4.3200,4.0800,4.2700,4.1500,27982733,117765156.0000,2.891600,LH,Up
2008-11-14,sh.601998,4.3100,4.5200,4.2500,4.4100,4.2700,37129027,161718311.0000,3.278700,HH,Up
2008-11-17,sh.601998,4.4100,4.5000,4.3500,4.5000,4.4100,28366991,125856123.0000,2.040800,SH,Up
2008-11-18,sh.601998,4.4900,4.5600,4.1100,4.1500,4.5000,29283448,127358987.0000,-7.777800,LL,Down
2008-11-19,sh.601998,4.1300,4.4600,4.1000,4.4200,4.1500,24103251,103984117.0000,6.506000,LH,Up
2008-11-20,sh.601998,4.3200,4.4100,4.2400,4.3100,4.4200,20779557,89620960.0000,-2.488700,LL,Down
2008-11-21,sh.601998,4.1800,4.3900,4.1000,4.2800,4.3100,20479952,86986768.0000,-0.696100,LH,Down
2008-11-24,sh.601998,4.2200,4.2900,4.1300,4.1500,4.2800,12433948,52119919.0000,-3.037400,LL,Down
2008-11-25,sh.601998,4.2100,4.2500,4.1000,4.1500,4.1500,8348734,34752411.0000,0.000000,HL,Smooth
2008-11-26,sh.601998,4.1300,4.2200,4.1200,4.1800,4.1500,6664880,27863212.0000,0.722900,LH,Up
2008-11-27,sh.601998,4.4700,4.4700,4.1800,4.1900,4.1800,22001278,94921958.0000,0.239200,HL,Up
2008-11-28,sh.601998,4.1400,4.1700,3.9900,4.0100,4.1900,19204322,77846775.0000,-4.295900,LL,Down
2008-12-01,sh.601998,4.0100,4.0700,3.9700,4.0500,4.0100,13619121,54807913.0000,0.997500,SH,Up
2008-12-02,sh.601998,4.0000,4.0500,3.9500,4.0100,4.0500,17691669,70700472.0000,-0.987700,LH,Down
2008-12-03,sh.601998,4.0500,4.1600,4.0400,4.1500,4.0100,29436834,120816438.0000,3.491300,HH,Up
2008-12-04,sh.601998,4.2200,4.3500,4.1800,4.2300,4.1500,42531039,181576953.0000,1.927700,HH,Up
2008-12-05,sh.601998,4.1700,4.2600,4.1600,4.2500,4.2300,22769265,95872071.0000,0.472800,LH,Up
2008-12-08,sh.601998,4.2800,4.4800,4.2600,4.4200,4.2500,44980451,196916308.0000,4.000000,HH,Up
2008-12-09,sh.601998,4.4500,4.4500,4.2700,4.2800,4.4200,28165637,122598724.0000,-3.167400,HL,Down
2008-12-10,sh.601998,4.2600,4.4800,4.2500,4.4500,4.2800,37928142,166029812.0000,3.972000,LH,Up
2008-12-11,sh.601998,4.4000,4.4500,4.2700,4.2800,4.4500,28385071,123925938.0000,-3.820200,LL,Down
2008-12-12,sh.601998,4.2500,4.3000,4.1000,4.1200,4.2800,22392544,93710610.0000,-3.738300,LL,Down
2008-12-15,sh.601998,4.1900,4.2000,4.0900,4.1500,4.1200,11393788,47223536.0000,0.728200,HL,Up
2008-12-16,sh.601998,4.1300,4.1300,4.0300,4.0900,4.1500,14637896,59685593.0000,-1.445800,LL,Down
2008-12-17,sh.601998,4.1300,4.1700,4.1000,4.1400,4.0900,15540941,64241802.0000,1.222500,HH,Up
2008-12-18,sh.601998,4.1500,4.3000,4.0800,4.2800,4.1400,27146481,114293387.0000,3.381600,HH,Up
2008-12-19,sh.601998,4.2400,4.2800,4.1700,4.2400,4.2800,33863968,143033754.0000,-0.934600,LS,Down
2008-12-22,sh.601998,4.2200,4.2300,4.0900,4.1200,4.2400,20988336,86820984.0000,-2.830200,LL,Down
2008-12-23,sh.601998,4.1300,4.1300,4.0000,4.0100,4.1200,22834327,92385198.0000,-2.669900,HL,Down
2008-12-24,sh.601998,3.9800,4.0300,3.9300,3.9600,4.0100,14476704,57667894.0000,-1.246900,LL,Down
2008-12-25,sh.601998,3.9700,4.0000,3.9100,3.9400,3.9600,10651844,42169602.0000,-0.505100,HL,Down
2008-12-26,sh.601998,3.9600,3.9800,3.9100,3.9400,3.9400,7515870,29700289.0000,0.000000,HL,Smooth
2008-12-30,sh.601998,3.9400,3.9800,3.8800,3.8900,3.9400,7997101,31407390.0000,-1.269000,SL,Down
2008-12-31,sh.601998,3.9100,3.9300,3.8500,3.8600,3.8900,6974542,27147361.0000,-0.771200,HL,Down
2009-01-05,sh.601998,3.8900,3.9600,3.8800,3.9600,3.8600,8760805,34421004.0000,2.590700,HH,Up
2009-01-06,sh.601998,3.9600,4.0500,3.9300,4.0400,3.9600,15943183,63937686.0000,2.020200,SH,Up
2009-01-07,sh.601998,4.0300,4.0500,3.9700,3.9800,4.0400,11981922,47983724.0000,-1.485100,LL,Down
2009-01-08,sh.601998,3.9200,3.9200,3.8200,3.8400,3.9800,12773603,49369196.0000,-3.517600,LL,Down
2009-01-09,sh.601998,3.8200,3.8900,3.8100,3.8900,3.8400,9037085,34850540.0000,1.302100,LH,Up
2009-01-12,sh.601998,3.8900,3.9200,3.8500,3.8800,3.8900,9353846,36359176.0000,-0.257100,SL,Down
2009-01-13,sh.601998,3.8200,3.8600,3.8100,3.8100,3.8800,8887711,34002557.0000,-1.804100,LL,Down
2009-01-14,sh.601998,3.8200,3.9400,3.8200,3.9300,3.8100,12367507,48022934.0000,3.149600,HH,Up
2009-01-15,sh.601998,3.8800,3.9500,3.8700,3.9100,3.9300,17354392,68005990.0000,-0.508900,LH,Down
2009-01-16,sh.601998,3.8900,4.0500,3.8900,4.0000,3.9100,24127543,96669698.0000,2.301800,LH,Up
2009-01-19,sh.601998,4.0100,4.1700,4.0100,4.0800,4.0000,27777887,113850811.0000,2.000000,HH,Up
2009-01-20,sh.601998,4.1100,4.1100,4.0000,4.0700,4.0800,15717137,63553644.0000,-0.245100,HL,Down
2009-01-21,sh.601998,4.0100,4.1000,4.0000,4.0400,4.0700,15936715,64460162.0000,-0.737100,LH,Down
2009-01-22,sh.601998,4.0600,4.1000,4.0300,4.0600,4.0400,11751323,47708386.0000,0.495000,HS,Up
2009-01-23,sh.601998,4.0500,4.0600,4.0000,4.0200,4.0600,13254974,53334738.0000,-0.985221,LL,Down
2009-02-02,sh.601998,4.0400,4.0600,3.9800,4.0200,4.0200,13201835,53012614.0000,0.000000,HL,Smooth
2009-02-03,sh.601998,4.0200,4.1300,4.0100,4.1200,4.0200,32700809,133563844.0000,2.487600,SH,Up
2009-02-04,sh.601998,4.1300,4.2800,4.1200,4.2500,4.1200,44178664,186205829.0000,3.155300,HH,Up
2009-02-05,sh.601998,4.2500,4.3200,4.1900,4.2300,4.2500,43728230,186108271.0000,-0.470600,SL,Down
2009-02-06,sh.601998,4.2300,4.3800,4.2300,4.3500,4.2300,46503293,200240820.0000,2.836900,SH,Up
2009-02-09,sh.601998,4.3900,4.5400,4.3600,4.4200,4.3500,54313659,241043598.0000,1.609200,HH,Up
2009-02-10,sh.601998,4.4200,4.4700,4.3500,4.4600,4.4200,37639147,165688874.0000,0.905000,SH,Up
2009-02-11,sh.601998,4.4200,4.6500,4.3700,4.5700,4.4600,82237212,371026299.0000,2.466400,LH,Up
2009-02-12,sh.601998,4.5800,4.5800,4.3100,4.4600,4.5700,48642036,216137166.0000,-2.407000,HL,Down
2009-02-13,sh.601998,4.4500,4.5900,4.4100,4.5800,4.4600,53640299,242565772.0000,2.690600,LH,Up
2009-02-16,sh.601998,4.6600,4.8400,4.6600,4.8200,4.5800,79441064,378626851.0000,5.240200,HH,Up
2009-02-17,sh.601998,4.8500,4.9000,4.6400,4.6500,4.8200,69651831,333212141.0000,-3.527000,HL,Down
2009-02-18,sh.601998,4.5500,4.6300,4.3900,4.4200,4.6500,45748074,206562955.0000,-4.946200,LL,Down
2009-02-19,sh.601998,4.4300,4.5000,4.3700,4.4300,4.4200,27709709,122940319.0000,0.226200,HS,Up
2009-02-20,sh.601998,4.4500,4.4800,4.3300,4.4700,4.4300,30431360,134085383.0000,0.902900,HH,Up
2009-02-23,sh.601998,4.4400,4.6300,4.4000,4.6100,4.4700,47893976,217848122.0000,3.132000,LH,Up
2009-02-24,sh.601998,4.5500,4.6300,4.3500,4.3900,4.6100,48891786,219710431.0000,-4.772200,LL,Down
2009-02-25,sh.601998,4.4500,4.6000,4.2800,4.5300,4.3900,45390609,201103754.0000,3.189100,HH,Up
2009-02-26,sh.601998,4.4500,4.6400,4.3300,4.3900,4.5300,47106921,213220462.0000,-3.090500,LL,Down
2009-02-27,sh.601998,4.3500,4.4900,4.3000,4.3100,4.3900,39409412,172947287.0000,-1.822322,LL,Down
2009-03-02,sh.601998,4.3200,4.3700,4.2000,4.3200,4.3100,26043359,111498880.0000,0.232000,HS,Up
2009-03-03,sh.601998,4.2300,4.2800,4.1800,4.2500,4.3200,21284690,89873736.0000,-1.620400,LH,Down
2009-03-04,sh.601998,4.2500,4.5700,4.2200,4.5100,4.2500,50778212,223769477.0000,6.117652,SH,Up
2009-03-05,sh.601998,4.5500,4.6700,4.4800,4.6000,4.5100,73268388,334586686.0000,1.995600,HH,Up
2009-03-06,sh.601998,4.5000,4.6200,4.5000,4.5200,4.6000,37759909,172121447.0000,-1.739100,LH,Down
2009-03-09,sh.601998,4.6000,4.9700,4.5700,4.7200,4.5200,157811167,765433550.0000,4.424800,HH,Up
2009-03-10,sh.601998,4.6500,4.7800,4.4800,4.7200,4.7200,85159479,394831961.0000,0.000000,LH,Smooth
2009-03-11,sh.601998,4.8300,4.8600,4.5800,4.6000,4.7200,84028985,398299203.0000,-2.542400,HL,Down
2009-03-12,sh.601998,4.5300,4.6000,4.4500,4.5400,4.6000,31500659,142532010.0000,-1.304300,LH,Down
2009-03-13,sh.601998,4.6000,4.6700,4.5100,4.5400,4.5400,36564192,167743405.0000,0.000000,HL,Smooth
2009-03-16,sh.601998,4.5300,4.6800,4.4500,4.6500,4.5400,36210265,166063155.0000,2.422900,LH,Up
2009-03-17,sh.601998,4.6400,4.7700,4.5700,4.7300,4.6500,54306163,255095841.0000,1.720400,LH,Up
2009-03-18,sh.601998,4.7400,4.7900,4.6700,4.6900,4.7300,46037915,217435056.0000,-0.845700,HL,Down
2009-03-19,sh.601998,4.6900,4.7500,4.6300,4.7200,4.6900,36770624,172832176.0000,0.639700,SH,Up
2009-03-20,sh.601998,4.7300,4.7600,4.6600,4.7100,4.7200,38322686,180918405.0000,-0.211900,HL,Down
2009-03-23,sh.601998,4.7000,4.8300,4.6800,4.7900,4.7100,48278522,229993190.0000,1.698500,LH,Up
2009-03-24,sh.601998,4.8600,4.8900,4.7500,4.7600,4.7900,44758820,215161443.0000,-0.626300,HL,Down
2009-03-25,sh.601998,4.7500,4.8000,4.6800,4.6800,4.7600,37554209,177454333.0000,-1.680700,LL,Down
2009-03-26,sh.601998,4.6800,4.8800,4.6800,4.8400,4.6800,54557439,260792113.0000,3.418800,SH,Up
2009-03-27,sh.601998,4.8800,4.8900,4.7900,4.8200,4.8400,41516444,200660671.0000,-0.413200,HL,Down
2009-03-30,sh.601998,4.8600,4.8900,4.7900,4.8000,4.8200,27365187,132180056.0000,-0.414900,HL,Down
2009-03-31,sh.601998,4.7000,4.8000,4.6600,4.7800,4.8000,30221212,143130504.0000,-0.416700,LH,Down
2009-04-01,sh.601998,4.7900,4.8400,4.7700,4.8200,4.7800,36738046,176467376.0000,0.836800,HH,Up
2009-04-02,sh.601998,4.8300,4.9500,4.8200,4.8800,4.8200,48435989,237057405.0000,1.244800,HH,Up
2009-04-03,sh.601998,4.9200,5.1500,4.9000,5.0200,4.8800,95593261,479964132.0000,2.868900,HH,Up
2009-04-07,sh.601998,5.0200,5.0600,4.9100,4.9600,5.0200,47453231,236567706.0000,-1.195200,SL,Down
2009-04-08,sh.601998,4.9400,4.9600,4.7300,4.7400,4.9600,41825121,202422192.0000,-4.435500,LL,Down
2009-04-09,sh.601998,4.7000,4.7900,4.6800,4.7700,4.7400,22646090,107261782.0000,0.632900,LH,Up
2009-04-10,sh.601998,4.8200,4.8600,4.7800,4.8500,4.7700,35581764,171363873.0000,1.677100,HH,Up
2009-04-13,sh.601998,4.8800,4.9300,4.8400,4.9200,4.8500,43475203,212209806.0000,1.443300,HH,Up
2009-04-14,sh.601998,4.9000,4.9400,4.8600,4.9000,4.9200,29808831,146235425.0000,-0.406500,LS,Down
2009-04-15,sh.601998,4.8800,4.9100,4.8000,4.8800,4.9000,28506286,138459402.0000,-0.408200,LS,Down
2009-04-16,sh.601998,4.8900,5.0500,4.8400,5.0000,4.8800,62486770,310538089.0000,2.459000,HH,Up
2009-04-17,sh.601998,4.9700,5.0000,4.8500,4.9000,5.0000,35479779,174839787.0000,-2.000000,LL,Down
2009-04-20,sh.601998,4.9000,5.0000,4.8900,4.9900,4.9000,29564600,146485789.0000,1.836700,SH,Up
2009-04-21,sh.601998,4.9200,4.9600,4.8600,4.9100,4.9900,31419784,154280278.0000,-1.603200,LL,Down
2009-04-22,sh.601998,4.9500,5.0400,4.8000,4.8100,4.9100,43893815,216845328.0000,-2.036700,HL,Down
2009-04-23,sh.601998,4.7700,4.8200,4.7000,4.7700,4.8100,24402551,116098401.0000,-0.831600,LS,Down
2009-04-24,sh.601998,4.8000,4.8100,4.7300,4.7400,4.7700,18183391,86789966.0000,-0.628900,HL,Down
2009-04-27,sh.601998,4.7300,4.7500,4.6500,4.7000,4.7400,21837909,102439551.0000,-0.843900,LL,Down
2009-04-28,sh.601998,4.6800,4.8400,4.6600,4.7900,4.7000,17263429,81816192.0000,1.914900,LH,Up
2009-04-29,sh.601998,4.7800,4.9900,4.7400,4.9400,4.7900,49825953,244125474.0000,3.131500,LH,Up
2009-04-30,sh.601998,4.9300,4.9400,4.8100,4.8500,4.9400,36288843,176478560.0000,-1.821900,LL,Down
2009-05-04,sh.601998,4.8900,4.9800,4.8500,4.9700,4.8500,37742603,186523511.0000,2.474200,HH,Up
2009-05-05,sh.601998,4.9900,5.0200,4.9100,4.9600,4.9700,33840234,167820017.0000,-0.201200,HL,Down
2009-05-06,sh.601998,4.9400,5.0400,4.9100,5.0100,4.9600,52145207,260701846.0000,1.008100,LH,Up
2009-05-07,sh.601998,5.0200,5.1000,4.9500,4.9900,5.0100,56815228,285566205.0000,-0.399200,HL,Down
2009-05-08,sh.601998,4.9800,5.1800,4.9300,5.1700,4.9900,72573277,368271227.0000,3.607200,LH,Up
2009-05-11,sh.601998,5.2300,5.3900,5.0500,5.0700,5.1700,97103354,509851691.0000,-1.934200,HL,Down
2009-05-12,sh.601998,5.0600,5.1800,5.0300,5.1500,5.0700,56109337,286196982.0000,1.577900,LH,Up
2009-05-13,sh.601998,5.1400,5.1800,5.0700,5.1200,5.1500,34350680,175462461.0000,-0.582500,LL,Down
2009-05-14,sh.601998,5.0700,5.1000,5.0000,5.0100,5.1200,34357914,172854997.0000,-2.148400,LL,Down
2009-05-15,sh.601998,5.0300,5.1200,5.0300,5.0600,5.0100,21427657,108565246.0000,0.998000,HH,Up
2009-05-18,sh.601998,5.0600,5.1500,4.9800,5.1500,5.0600,29626789,150275816.0000,1.778700,SH,Up
2009-05-19,sh.601998,5.2200,5.2400,5.1400,5.1600,5.1500,44909939,233451961.0000,0.194200,HL,Up
2009-05-20,sh.601998,5.1700,5.1800,5.1200,5.1200,5.1600,23551285,121365438.0000,-0.775200,HL,Down
2009-05-21,sh.601998,5.1100,5.1600,5.0000,5.0200,5.1200,25391106,128195408.0000,-1.953100,LL,Down
2009-05-22,sh.601998,5.0000,5.0200,4.9400,5.0000,5.0200,22117006,110196432.0000,-0.398400,LS,Down
2009-05-25,sh.601998,4.9100,5.0100,4.8900,4.9900,5.0000,20049924,99096994.0000,-0.200000,LH,Down
2009-05-26,sh.601998,4.9800,5.0300,4.9500,4.9600,4.9900,14720640,73421831.0000,-0.601200,LL,Down
2009-05-27,sh.601998,4.9700,5.1200,4.9600,5.0800,4.9600,33143906,167290899.0000,2.419400,HH,Up
2009-06-01,sh.601998,5.1000,5.2100,5.1000,5.1700,5.0800,40925599,210906710.0000,1.771700,HH,Up
2009-06-02,sh.601998,5.1900,5.2000,5.1000,5.1100,5.1700,26039067,133918662.0000,-1.160500,HL,Down
2009-06-03,sh.601998,5.1100,5.3200,5.0900,5.3100,5.1100,67707825,354617408.0000,3.913900,SH,Up
2009-06-04,sh.601998,5.2700,5.3500,5.1800,5.2600,5.3100,51485788,270965962.0000,-0.941600,LL,Down
2009-06-05,sh.601998,5.2600,5.3100,5.1500,5.1600,5.2600,34700580,181063216.0000,-1.901100,SL,Down
2009-06-08,sh.601998,5.1600,5.4000,5.1200,5.3300,5.1600,71597861,380313452.0000,3.294600,SH,Up
2009-06-09,sh.601998,5.3400,5.4900,5.3000,5.4800,5.3300,86221996,465641842.0000,2.814300,HH,Up
2009-06-10,sh.601998,5.4500,5.7200,5.4400,5.6000,5.4800,111634962,624612383.0000,2.189800,LH,Up
2009-06-11,sh.601998,5.5700,5.7100,5.5300,5.6100,5.6000,48380705,271730334.0000,0.178600,LH,Up
2009-06-12,sh.601998,5.6100,5.6100,5.3500,5.4300,5.6100,42370268,231663422.0000,-3.208600,SL,Down
2009-06-15,sh.601998,5.4300,5.7500,5.4000,5.7500,5.4300,68071127,381587896.0000,5.893200,SH,Up
2009-06-16,sh.601998,5.6600,5.7800,5.6000,5.6500,5.7500,42722728,242793282.0000,-1.739100,LL,Down
2009-06-17,sh.601998,5.6500,5.7000,5.5100,5.6700,5.6500,28877430,161567726.0000,0.354000,SH,Up
2009-06-18,sh.601998,5.6700,5.8800,5.6600,5.7900,5.6700,60321621,349676260.0000,2.116400,SH,Up
2009-06-19,sh.601998,5.7600,5.8500,5.7200,5.8200,5.7900,52008456,302167748.0000,0.518100,LH,Up
2009-06-22,sh.601998,5.9400,6.0800,5.8300,5.9700,5.8200,97767758,582538011.0000,2.577300,HH,Up
2009-06-23,sh.601998,5.8700,6.3900,5.7900,6.1200,5.9700,122109076,739353998.0000,2.512600,LH,Up
2009-06-24,sh.601998,6.1100,6.1200,5.9700,6.0300,6.1200,45031448,271624452.0000,-1.470600,LL,Down
2009-06-25,sh.601998,6.0100,6.0900,5.9500,5.9900,6.0300,38632301,231770405.0000,-0.663300,LL,Down
2009-06-26,sh.601998,5.9900,6.0900,5.9500,6.0300,5.9900,37782554,226616969.0000,0.667800,SH,Up
2009-06-30,sh.601998,6.0600,6.1000,5.9400,5.9700,6.0300,43709272,262352674.0000,-0.995000,HL,Down
2009-07-01,sh.601998,5.9600,6.0800,5.8900,6.0400,5.9700,50344921,302693792.0000,1.172500,LH,Up
2009-07-02,sh.601998,6.0500,6.1400,6.0100,6.0600,6.0400,42580795,258612090.0000,0.331100,HH,Up
2009-07-03,sh.601998,6.0200,6.0500,5.9400,6.0000,6.0600,35148207,210508195.0000,-0.990100,LL,Down
2009-07-06,sh.601998,6.0000,6.3200,5.9900,6.2800,6.0000,69606992,428948233.0000,4.666700,SH,Up
2009-07-07,sh.601998,6.2500,6.4000,6.1500,6.1800,6.2800,53725652,337754825.0000,-1.592363,LL,Down
2009-07-08,sh.601998,6.1500,6.1500,5.9600,6.0900,6.1800,37568100,227116130.0000,-1.456300,LL,Down
2009-07-09,sh.601998,6.0600,6.2600,6.0100,6.2200,6.0900,37641557,231247894.0000,2.134600,LH,Up
2009-07-10,sh.601998,6.2500,6.3000,6.1300,6.2900,6.2200,40856497,254641440.0000,1.125400,HH,Up
2009-07-13,sh.601998,6.2300,6.3400,6.0700,6.0900,6.2900,41978434,259854164.0000,-3.179700,LL,Down
2009-07-14,sh.601998,6.1000,6.1900,6.1000,6.1700,6.0900,33607642,206747901.0000,1.313600,HH,Up
2009-07-15,sh.601998,6.1900,6.2800,6.1300,6.1900,6.1700,34059206,210743389.0000,0.324100,HS,Up
2009-07-16,sh.601998,6.2200,6.5000,6.1600,6.4600,6.1900,94730544,602227846.0000,4.361900,HH,Up
2009-07-17,sh.601998,6.4600,6.5300,6.2800,6.3800,6.4600,48473401,310805467.0000,-1.238400,SL,Down
2009-07-20,sh.601998,6.3600,6.5800,6.2800,6.5400,6.3800,69096073,444072495.0000,2.507800,LH,Up
2009-07-21,sh.601998,6.5300,6.6200,6.3300,6.3900,6.5400,52681397,342198488.0000,-2.293600,LL,Down
2009-07-22,sh.601998,6.3900,6.4900,6.3400,6.4200,6.3900,52188264,334078427.0000,0.469500,SH,Up
2009-07-23,sh.601998,6.3900,6.4700,6.2800,6.3600,6.3300,40645727,259161629.0000,0.473900,HL,Up
2009-07-24,sh.601998,6.3700,6.4200,6.2100,6.3400,6.3600,33291205,210183551.0000,-0.314500,HL,Down
2009-07-27,sh.601998,6.3400,6.4600,6.3400,6.4500,6.3400,34942321,223918349.0000,1.735000,SH,Up
2009-07-28,sh.601998,6.3800,6.4400,6.2900,6.3900,6.4500,33373715,212202669.0000,-0.930200,LH,Down
2009-07-29,sh.601998,6.3500,6.6300,6.1000,6.2400,6.3900,86527553,556530727.0000,-2.347400,LL,Down
2009-07-30,sh.601998,6.3100,6.6000,6.2100,6.4500,6.2400,60155746,385165580.0000,3.365400,HH,Up
2009-07-31,sh.601998,6.4900,6.5500,6.4000,6.5400,6.4500,58715250,381021262.0000,1.395300,HH,Up
2009-08-03,sh.601998,6.5500,6.5900,6.4300,6.5200,6.5400,36851676,239150478.0000,-0.305800,HL,Down
2009-08-04,sh.601998,6.5000,6.7900,6.3100,6.6800,6.5200,68243305,440933554.0000,2.454000,LH,Up
2009-08-05,sh.601998,6.7300,6.9200,6.5800,6.8500,6.6800,133316677,898766972.0000,2.544900,HH,Up
2009-08-06,sh.601998,6.7100,6.7300,6.5000,6.5600,6.8500,53790600,354552124.0000,-4.233600,LL,Down
2009-08-07,sh.601998,6.5400,6.5900,6.2400,6.2800,6.5600,44960897,288842647.0000,-4.268300,LL,Down
2009-08-10,sh.601998,6.3100,6.3800,6.1200,6.2200,6.2800,31945133,200141346.0000,-0.955400,HL,Down
2009-08-11,sh.601998,6.2300,6.2700,6.1200,6.2300,6.2200,21303337,132173921.0000,0.160800,HS,Up
2009-08-12,sh.601998,6.2000,6.2500,5.8300,5.9000,6.2300,30483778,183737470.0000,-5.297000,LL,Down
2009-08-13,sh.601998,5.9000,6.0500,5.7500,6.0000,5.9000,32056269,189242413.0000,1.694900,SH,Up
2009-08-14,sh.601998,5.9500,5.9900,5.7000,5.7100,6.0000,28208028,164198314.0000,-4.833300,LL,Down
2009-08-17,sh.601998,5.7500,5.7500,5.4000,5.4200,5.7100,29683141,165321948.0000,-5.078800,HL,Down
2009-08-18,sh.601998,5.4200,5.5400,5.3600,5.5000,5.4200,23754537,129359949.0000,1.476000,SH,Up
2009-08-19,sh.601998,5.5000,5.5600,5.1500,5.2300,5.5000,27719557,148927680.0000,-4.909100,SL,Down
2009-08-20,sh.601998,5.2500,5.4100,5.2200,5.4100,5.2300,23046994,122562092.0000,3.441700,HH,Up
2009-08-21,sh.601998,5.4000,5.5500,5.3600,5.4400,5.4100,34309523,186847461.0000,0.554500,LH,Up
2009-08-24,sh.601998,5.4500,5.4500,5.3300,5.3900,5.4400,28207089,152035042.0000,-0.919100,HL,Down
2009-08-25,sh.601998,5.3800,5.3800,4.9800,5.1300,5.3900,60890944,311277117.0000,-4.823700,LL,Down
2009-08-26,sh.601998,5.0900,5.2300,5.0500,5.1600,5.1300,50739916,261496213.0000,0.584800,LH,Up
2009-08-27,sh.601998,5.1400,5.2200,5.1100,5.1900,5.1600,54829264,283429664.0000,0.581400,LH,Up
2009-08-28,sh.601998,5.2000,5.2300,5.0300,5.1500,5.1900,47306504,242793145.0000,-0.770700,HL,Down
2009-08-31,sh.601998,5.1000,5.1000,4.8100,4.8200,5.1500,52521789,257651647.0000,-6.407800,LL,Down
2009-09-01,sh.601998,4.8000,5.0100,4.8000,4.9100,4.8200,36801022,181244553.0000,1.867200,LH,Up
2009-09-02,sh.601998,4.8800,5.1900,4.8500,5.1800,4.9100,73764292,373288034.0000,5.499000,LH,Up
2009-09-03,sh.601998,5.1400,5.3000,5.1200,5.2800,5.1800,53360182,279082279.0000,1.930500,LH,Up
2009-09-04,sh.601998,5.2600,5.3400,5.1800,5.2800,5.2800,36699794,192806574.0000,0.000000,LH,Smooth
2009-09-07,sh.601998,5.3800,5.5600,5.3100,5.5000,5.2800,83165004,454410412.0000,4.166700,HH,Up
2009-09-08,sh.601998,5.4000,5.5500,5.3300,5.5200,5.5000,35383294,193338480.0000,0.363600,LH,Up
2009-09-09,sh.601998,5.5300,5.7300,5.5100,5.6100,5.5200,51083335,286560994.0000,1.630400,HH,Up
2009-09-10,sh.601998,5.5800,5.7300,5.4900,5.6500,5.6100,33190762,186560445.0000,0.713000,LH,Up
2009-09-11,sh.601998,5.6000,5.8900,5.5800,5.8400,5.6500,48639841,281599892.0000,3.362800,LH,Up
2009-09-14,sh.601998,5.8400,5.8800,5.7600,5.8300,5.8400,30580397,177728501.0000,-0.171200,SL,Down
2009-09-15,sh.601998,5.8000,5.9500,5.7800,5.9200,5.8300,35381642,208288498.0000,1.543700,LH,Up
2009-09-16,sh.601998,5.8500,5.9100,5.6500,5.7200,5.9200,44753238,258105022.0000,-3.378400,LL,Down
2009-09-17,sh.601998,5.7200,5.8400,5.7200,5.7600,5.7200,35980304,207601757.0000,0.699300,SH,Up
2009-09-18,sh.601998,5.7700,5.7900,5.4000,5.5400,5.7600,42538590,239560312.0000,-3.819400,HL,Down
2009-09-21,sh.601998,5.4900,5.6000,5.4000,5.5700,5.5400,21483715,117838322.0000,0.541500,LH,Up
2009-09-22,sh.601998,5.5300,5.6000,5.4300,5.4600,5.5700,14284558,78758720.0000,-1.974900,LL,Down
2009-09-23,sh.601998,5.4400,5.5100,5.3100,5.3500,5.4600,21850507,118333237.0000,-2.014700,LL,Down
2009-09-24,sh.601998,5.3100,5.6500,5.3100,5.5700,5.3500,34610525,189410909.0000,4.112100,LH,Up
2009-09-25,sh.601998,5.5100,5.7500,5.4000,5.6900,5.5700,47588964,267600559.0000,2.154400,LH,Up
2009-09-28,sh.601998,5.6800,5.7500,5.5000,5.5400,5.6900,25230885,142028120.0000,-2.636200,LL,Down
2009-09-29,sh.601998,5.5400,5.6800,5.4000,5.6100,5.5400,21943584,121851674.0000,1.263500,SH,Up
2009-09-30,sh.601998,5.6500,5.7300,5.5900,5.6200,5.6100,23694739,133895950.0000,0.178300,HL,Up
2009-10-09,sh.601998,5.7400,5.8200,5.6600,5.7900,5.6200,28348404,163170154.0000,3.024900,HH,Up
2009-10-12,sh.601998,5.8200,5.9000,5.7500,5.7600,5.7900,33978440,197723000.0000,-0.518100,HL,Down
2009-10-13,sh.601998,5.7300,5.8500,5.7100,5.8200,5.7600,14990156,86960912.0000,1.041700,LH,Up
2009-10-14,sh.601998,5.8500,5.9100,5.8000,5.8200,5.8200,23371217,137054949.0000,0.000000,HL,Smooth
2009-10-15,sh.601998,5.8500,5.9600,5.8500,5.8900,5.8200,25803321,152470861.0000,1.202700,HH,Up
2009-10-16,sh.601998,5.9100,5.9400,5.7400,5.8300,5.8900,12765372,74227233.0000,-1.018700,HL,Down
2009-10-19,sh.601998,5.8000,5.9000,5.7900,5.9000,5.8300,39019069,227944448.0000,1.200700,LH,Up
2009-10-20,sh.601998,5.9400,6.1500,5.9000,6.1300,5.9000,65353920,396760552.0000,3.898300,HH,Up
2009-10-21,sh.601998,6.0900,6.3000,6.0900,6.1500,6.1300,37593409,232989840.0000,0.326300,LH,Up
2009-10-22,sh.601998,6.1600,6.2800,6.1000,6.2600,6.1500,29429361,182727149.0000,1.788600,HH,Up
2009-10-23,sh.601998,6.2400,6.5700,6.2200,6.5000,6.2600,66349118,429579891.0000,3.833900,LH,Up
2009-10-26,sh.601998,6.5300,6.5600,6.3500,6.4800,6.5000,24306976,156119877.0000,-0.307700,HL,Down
2009-10-27,sh.601998,6.4300,6.4700,6.2000,6.2200,6.4800,33726001,212976628.0000,-4.012300,LL,Down
2009-10-28,sh.601998,6.2000,6.4000,6.1800,6.3700,6.2200,30175839,189023754.0000,2.411577,LH,Up
2009-10-29,sh.601998,6.2600,6.3400,6.0300,6.2700,6.3700,38652198,239988341.0000,-1.569900,LH,Down
2009-10-30,sh.601998,6.3100,6.4200,6.2500,6.2900,6.2700,19454812,123274156.0000,0.319000,HL,Up
2009-11-02,sh.601998,6.1000,6.4800,6.0700,6.4300,6.2900,32277607,204223439.0000,2.225800,LH,Up
2009-11-03,sh.601998,6.4500,6.5500,6.3800,6.4100,6.4300,32081915,207447527.0000,-0.311000,HL,Down
2009-11-04,sh.601998,6.4100,6.4500,6.3400,6.3900,6.4100,23972545,153286453.0000,-0.312000,SL,Down
2009-11-05,sh.601998,6.4000,6.5000,6.3200,6.4200,6.3900,29163201,186876051.0000,0.469500,HH,Up
2009-11-06,sh.601998,6.4500,6.5800,6.4300,6.4700,6.4200,32648141,213123028.0000,0.778800,HH,Up
2009-11-09,sh.601998,6.4700,6.5100,6.3900,6.4500,6.4700,14539246,93564844.0000,-0.309100,SL,Down
2009-11-10,sh.601998,6.4800,6.5500,6.4000,6.4300,6.4500,20194334,130507063.0000,-0.310100,HL,Down
2009-11-11,sh.601998,6.4500,6.4700,6.3500,6.3800,6.4300,17469747,111646787.0000,-0.777600,HL,Down
2009-11-12,sh.601998,6.4000,6.4600,6.3500,6.3800,6.3800,19243239,123228232.0000,0.000000,HL,Smooth
2009-11-13,sh.601998,6.3800,6.4400,6.3100,6.4400,6.3800,20853350,133382094.0000,0.940400,SH,Up
2009-11-16,sh.601998,6.4900,6.7700,6.4500,6.6900,6.4400,61658226,409711104.0000,3.882000,HH,Up
2009-11-17,sh.601998,6.7500,6.9500,6.7500,6.9000,6.6900,63960579,440635842.0000,3.139000,HH,Up
2009-11-18,sh.601998,6.9200,6.9700,6.8500,6.8800,6.9000,30676062,211898965.0000,-0.289900,HL,Down
2009-11-19,sh.601998,6.8800,6.9500,6.7600,6.8400,6.8800,34162434,232996522.0000,-0.581400,SL,Down
2009-11-20,sh.601998,6.8000,7.1400,6.7100,7.0600,6.8400,67036654,467922514.0000,3.216400,LH,Up
2009-11-23,sh.601998,7.0200,7.0900,6.8300,6.9900,7.0600,38514271,268003095.0000,-0.991500,LL,Down
2009-11-24,sh.601998,6.9800,7.0100,6.4800,6.6200,6.9900,50249141,341231444.0000,-5.293300,LL,Down
2009-11-25,sh.601998,6.5000,6.7000,6.4500,6.6800,6.6200,50948603,334821628.0000,0.906300,LH,Up
2009-11-26,sh.601998,6.6400,6.6400,6.3800,6.4600,6.6800,53017516,345274797.0000,-3.293400,LL,Down
2009-11-27,sh.601998,6.3800,6.5400,6.3000,6.3300,6.4600,29791998,190903657.0000,-2.012400,LL,Down
2009-11-30,sh.601998,6.3300,6.5400,6.3300,6.4800,6.3300,25965122,167894907.0000,2.369700,SH,Up
2009-12-01,sh.601998,6.4900,6.5600,6.4000,6.5400,6.4800,36328591,235831534.0000,0.925900,HH,Up
2009-12-02,sh.601998,6.6100,6.7800,6.5900,6.6500,6.5400,39120883,261319636.0000,1.682000,HH,Up
2009-12-03,sh.601998,6.6400,6.6400,6.5300,6.6100,6.6500,25515193,167884979.0000,-0.601500,LL,Down
2009-12-04,sh.601998,6.6500,7.2700,6.6300,7.2700,6.6100,248369111,1783476386.0000,9.984900,HH,Up
2009-12-07,sh.601998,7.4100,7.6400,7.3300,7.5100,7.2700,231876764,1738925107.0000,3.301200,HH,Up
2009-12-08,sh.601998,7.4200,7.6400,7.2500,7.5500,7.5100,116283503,864195817.0000,0.532600,LH,Up
2009-12-09,sh.601998,7.4000,7.4600,7.2600,7.2800,7.5500,83781846,617577282.0000,-3.576200,LL,Down
2009-12-10,sh.601998,7.3600,7.7500,7.3600,7.5100,7.2800,95950390,725817987.0000,3.159300,HH,Up
2009-12-11,sh.601998,7.4500,7.6400,7.3900,7.4400,7.5100,52136063,390392438.0000,-0.932100,LL,Down
2009-12-14,sh.601998,7.3900,8.1800,7.1900,8.1800,7.4400,148978870,1158979676.0000,9.946200,LH,Up
2009-12-15,sh.601998,8.1000,8.4900,7.9300,8.2400,8.1800,177807762,1465458610.0000,0.733500,LH,Up
2009-12-16,sh.601998,8.0800,8.4000,8.0500,8.2200,8.2400,93807501,773432233.0000,-0.242700,LH,Down
2009-12-17,sh.601998,8.2400,8.3100,7.6500,7.7900,8.2200,149904194,1187804500.0000,-5.231100,HL,Down
2009-12-18,sh.601998,7.6400,8.0200,7.5800,7.7900,7.7900,108668216,852061645.0000,0.000000,LH,Smooth
2009-12-21,sh.601998,7.6800,7.8700,7.4200,7.5800,7.7900,80442771,613614677.0000,-2.695800,LL,Down
2009-12-22,sh.601998,7.5600,7.8500,7.3700,7.5300,7.5800,96171634,732754079.0000,-0.659600,LL,Down
2009-12-23,sh.601998,7.5300,7.6200,7.3400,7.4800,7.5300,81821556,611084061.0000,-0.664000,SL,Down
2009-12-24,sh.601998,7.4900,7.8000,7.3600,7.6900,7.4800,119461522,903560135.0000,2.807500,HH,Up
2009-12-25,sh.601998,7.6100,7.6500,7.4600,7.4800,7.6900,78467650,590563756.0000,-2.730800,LL,Down
2009-12-28,sh.601998,7.5000,7.7200,7.4500,7.6100,7.4800,83651470,636810045.0000,1.738000,HH,Up
2009-12-29,sh.601998,7.5700,7.8600,7.5000,7.8300,7.6100,101769107,781022124.0000,2.890900,LH,Up
2009-12-30,sh.601998,7.8300,8.4500,7.7500,8.2900,7.8300,216336466,1777823366.0000,5.874800,SH,Up
2009-12-31,sh.601998,8.2600,8.3500,8.0500,8.2300,8.2900,111157626,911477854.0000,-0.723800,LL,Down
2010-01-04,sh.601998,8.3000,8.3200,8.0500,8.0700,8.2300,75368300,612097210.0000,-1.944100,HL,Down
2010-01-05,sh.601998,8.0500,8.3200,7.8900,8.1700,8.0700,90806250,735053957.0000,1.239200,LH,Up
2010-01-06,sh.601998,8.0900,8.1000,7.9300,7.9400,8.1700,81529577,651707069.0000,-2.815200,LL,Down
2010-01-07,sh.601998,7.9000,7.9800,7.6000,7.6700,7.9400,82135294,636880738.0000,-3.400500,LL,Down
2010-01-08,sh.601998,7.6400,7.8000,7.5700,7.7400,7.6700,50319721,387229340.0000,0.912600,LH,Up
2010-01-11,sh.601998,8.1100,8.1500,7.5700,7.6600,7.7400,107573193,839139948.0000,-1.033600,HL,Down
2010-01-12,sh.601998,7.5700,7.7100,7.3700,7.6800,7.6600,101022563,758064364.0000,0.261100,LH,Up
2010-01-13,sh.601998,7.4100,7.4900,7.2500,7.2900,7.6800,109708928,808837222.0000,-5.078100,LL,Down
2010-01-14,sh.601998,7.3000,7.3600,7.0900,7.3000,7.2900,79052783,572167920.0000,0.137200,HS,Up
2010-01-15,sh.601998,7.2900,7.5700,7.1800,7.4200,7.3000,84842345,628878555.0000,1.643800,LH,Up
2010-01-18,sh.601998,7.2900,7.4200,7.2800,7.3900,7.4200,44178113,324878117.0000,-0.404300,LH,Down
2010-01-19,sh.601998,7.4000,7.6400,7.4000,7.5000,7.3900,66380505,499750191.0000,1.488500,HH,Up
2010-01-20,sh.601998,7.5000,7.5300,7.1700,7.2100,7.5000,64701803,472436191.0000,-3.866700,SL,Down
2010-01-21,sh.601998,7.2200,7.4200,7.2000,7.3400,7.2100,45930797,335501074.0000,1.803100,HH,Up
2010-01-22,sh.601998,7.2300,7.8500,7.1700,7.5900,7.3400,126615625,955527821.0000,3.406000,LH,Up
2010-01-25,sh.601998,7.4700,7.5600,7.3200,7.3600,7.5900,60344548,447733945.0000,-3.030300,LL,Down
2010-01-26,sh.601998,7.3500,7.6800,7.3000,7.4900,7.3600,108206475,811826743.0000,1.766300,LH,Up
2010-01-27,sh.601998,7.5000,7.5300,7.1900,7.2500,7.4900,74108128,542026598.0000,-3.204300,HL,Down
2010-01-28,sh.601998,7.1600,7.1700,6.8600,7.0200,7.2500,72498445,508222914.0000,-3.172400,LL,Down
2010-01-29,sh.601998,6.9500,7.1000,6.9000,6.9300,7.0200,51693832,360718217.0000,-1.282100,LL,Down
2010-02-01,sh.601998,6.9000,6.9000,6.6800,6.7000,6.9300,42781308,288060979.0000,-3.318900,LL,Down
2010-02-02,sh.601998,6.7500,6.8900,6.6800,6.6900,6.7000,45974346,312513312.0000,-0.149300,HL,Down
2010-02-03,sh.601998,6.7200,7.0000,6.5600,6.9600,6.6900,66974062,457996589.0000,4.035900,HH,Up
2010-02-04,sh.601998,6.8800,6.9500,6.8000,6.8700,6.9600,37453761,257518660.0000,-1.293100,LL,Down
2010-02-08,sh.601998,6.7500,6.8500,6.6300,6.6900,6.8700,34320948,229812716.0000,-2.620100,LL,Down
2010-02-09,sh.601998,6.6500,6.7900,6.6400,6.7300,6.6900,28284055,189646097.0000,0.597900,LH,Up
2010-02-10,sh.601998,6.7500,6.8200,6.7100,6.8100,6.7300,25462939,172530821.0000,1.188700,HH,Up
2010-02-11,sh.601998,6.8100,6.8600,6.7600,6.8000,6.8100,23677424,161598062.0000,-0.146800,SL,Down
2010-02-12,sh.601998,6.8100,6.9900,6.8100,6.9400,6.8000,26849752,185677844.0000,2.058800,HH,Up
2010-02-22,sh.601998,6.8500,6.9100,6.8100,6.8200,6.9400,22892035,156624756.0000,-1.729100,LL,Down
2010-02-23,sh.601998,6.8200,6.8200,6.6600,6.7300,6.8200,23417430,157061404.0000,-1.319600,SL,Down
2010-02-24,sh.601998,6.6800,6.8500,6.6400,6.8500,6.7300,30293367,204783712.0000,1.783100,LH,Up
2010-02-25,sh.601998,6.8600,7.0700,6.8400,6.9800,6.8500,56635733,396179832.0000,1.897800,HH,Up
2010-02-26,sh.601998,7.0000,7.0600,6.9200,6.9500,6.9800,30705825,214565890.0000,-0.429800,HL,Down
2010-03-01,sh.601998,6.9500,7.1500,6.8800,7.1200,6.9500,53822755,380653869.0000,2.446000,SH,Up
2010-03-02,sh.601998,7.1200,7.2400,7.0800,7.1400,7.1200,40657059,290649258.0000,0.280900,SH,Up
2010-03-03,sh.601998,7.1300,7.1400,7.0100,7.1300,7.1400,32339842,228962900.0000,-0.140100,LS,Down
2010-03-04,sh.601998,7.1300,7.1400,6.8100,6.8500,7.1300,37559721,261647222.0000,-3.927100,SL,Down
2010-03-05,sh.601998,6.8600,6.9200,6.7000,6.8400,6.8500,24505784,167516873.0000,-0.146000,HL,Down
2010-03-08,sh.601998,6.8200,6.9800,6.7800,6.9000,6.8400,22902658,157809513.0000,0.877200,LH,Up
2010-03-09,sh.601998,6.9000,7.2100,6.8100,7.1300,6.9000,71007959,503833450.0000,3.333300,SH,Up
2010-03-10,sh.601998,7.1000,7.2000,7.0600,7.1000,7.1300,35752012,254947088.0000,-0.420800,LS,Down
2010-03-11,sh.601998,7.1200,7.2600,7.1000,7.1800,7.1000,54859145,394562882.0000,1.126800,HH,Up
2010-03-12,sh.601998,7.2000,7.2200,6.9900,7.0400,7.1800,31984011,227013871.0000,-1.949900,HL,Down
2010-03-15,sh.601998,7.0100,7.0800,6.8400,6.9000,7.0400,18997783,131523534.0000,-1.988600,LL,Down
2010-03-16,sh.601998,6.8600,7.0000,6.8500,6.9800,6.9000,18128100,125693045.0000,1.159400,LH,Up
2010-03-17,sh.601998,7.0000,7.1600,6.9400,7.1300,6.9800,33598366,237193633.0000,2.149000,HH,Up
2010-03-18,sh.601998,7.1300,7.1700,7.0600,7.0900,7.1300,23264195,165399996.0000,-0.561000,SL,Down
2010-03-19,sh.601998,7.0700,7.1400,7.0500,7.1200,7.0900,19841444,140783407.0000,0.423100,LH,Up
2010-03-22,sh.601998,7.1100,7.2200,7.1000,7.1900,7.1200,40308621,289803336.0000,0.983100,LH,Up
2010-03-23,sh.601998,7.2000,7.2100,7.0700,7.0900,7.1900,20832471,148431311.0000,-1.390800,HL,Down
2010-03-24,sh.601998,7.1000,7.2100,7.0900,7.1100,7.0900,16705761,119239489.0000,0.282100,HH,Up
2010-03-25,sh.601998,7.0800,7.0800,6.9100,6.9400,7.1100,29850060,207770072.0000,-2.391000,LL,Down
2010-03-26,sh.601998,6.9700,7.2900,6.9000,7.1400,6.9400,61437478,440310625.0000,2.881800,HH,Up
2010-03-29,sh.601998,7.1500,7.4200,7.1400,7.4000,7.1400,95111994,697193486.0000,3.641500,HH,Up
2010-03-30,sh.601998,7.3800,7.5000,7.3300,7.4700,7.4000,61745381,459079765.0000,0.945900,LH,Up
2010-03-31,sh.601998,7.4500,7.4600,7.3000,7.3500,7.4700,38629649,283872167.0000,-1.606400,LL,Down
2010-04-01,sh.601998,7.4100,7.4200,7.3100,7.4000,7.3500,38464781,283049945.0000,0.680300,HL,Up
2010-04-02,sh.601998,7.3900,7.4000,7.2800,7.3500,7.4000,30467354,223273698.0000,-0.675700,LL,Down
2010-04-06,sh.601998,7.3800,7.4400,7.2700,7.3400,7.3500,45800549,335949097.0000,-0.136100,HL,Down
2010-04-07,sh.601998,7.3000,7.3300,7.2200,7.2700,7.3400,26257681,190534238.0000,-0.953700,LL,Down
2010-04-08,sh.601998,7.2500,7.2500,7.1700,7.1900,7.2700,32035540,230447558.0000,-1.100400,LL,Down
2010-04-09,sh.601998,7.1800,7.2500,7.1500,7.2200,7.1900,26529434,191336730.0000,0.417200,LH,Up
2010-04-12,sh.601998,7.2500,7.2600,7.0200,7.0700,7.2200,46245424,328520491.0000,-2.077600,HL,Down
2010-04-13,sh.601998,7.0800,7.3000,7.0800,7.2800,7.0700,64509634,465037668.0000,2.970300,HH,Up
2010-04-14,sh.601998,7.2700,7.2800,7.1600,7.2400,7.2800,30518774,220055955.0000,-0.549500,LL,Down
2010-04-15,sh.601998,7.2500,7.2500,7.1200,7.2200,7.2400,28719283,206006597.0000,-0.276200,HL,Down
2010-04-16,sh.601998,7.1500,7.1900,7.0100,7.0500,7.2200,41998360,296387578.0000,-2.354600,LL,Down
2010-04-19,sh.601998,6.9500,6.9500,6.5800,6.5900,7.0500,78662503,527619057.0000,-6.524800,LL,Down
2010-04-20,sh.601998,6.5900,6.6600,6.2900,6.4600,6.5900,47674581,306740317.0000,-1.972700,SL,Down
2010-04-21,sh.601998,6.4800,6.5300,6.3500,6.5200,6.4600,37457072,242195805.0000,0.928800,HH,Up
2010-04-22,sh.601998,6.4800,6.4800,6.2800,6.3200,6.5200,45659130,289173082.0000,-3.067500,LL,Down
2010-04-26,sh.601998,6.2600,6.2800,6.0100,6.1000,6.3200,44945634,275782753.0000,-3.481000,LL,Down
2010-04-27,sh.601998,6.0500,6.0500,5.8000,5.8900,6.1000,37176994,220145406.0000,-3.442600,LL,Down
2010-04-28,sh.601998,5.8000,5.9500,5.7500,5.9300,5.8900,21057884,124080624.0000,0.679100,LH,Up
2010-04-29,sh.601998,5.9600,6.0600,5.9200,5.9300,5.9300,25213301,151043444.0000,0.000000,HL,Smooth
2010-04-30,sh.601998,5.9600,6.0600,5.9300,6.0600,5.9300,25026571,150557944.0000,2.192200,HH,Up
2010-05-04,sh.601998,5.9100,6.0100,5.8200,5.8500,6.0600,21796612,128532822.0000,-3.465300,LL,Down
2010-05-05,sh.601998,5.8100,5.9200,5.6300,5.8900,5.8500,27888385,161020655.0000,0.683800,LH,Up
2010-05-06,sh.601998,5.8500,5.8500,5.4700,5.5000,5.8900,31695285,178860656.0000,-6.621400,LL,Down
2010-05-07,sh.601998,5.4000,5.5000,5.3000,5.3300,5.5000,28911509,155697783.0000,-3.090900,LL,Down
2010-05-10,sh.601998,5.3500,5.4400,5.2900,5.4200,5.3300,30583448,164207589.0000,1.688600,HH,Up
2010-05-11,sh.601998,5.5400,5.5800,5.1400,5.2000,5.4200,42464755,227739225.0000,-4.059000,HL,Down
2010-05-12,sh.601998,5.1500,5.4500,5.0800,5.4500,5.2000,44267130,235255320.0000,4.807700,LH,Up
2010-05-13,sh.601998,5.3700,5.5500,5.3200,5.5100,5.4500,42212250,230845973.0000,1.100900,LH,Up
2010-05-14,sh.601998,5.4700,5.5400,5.3800,5.4700,5.5100,28875726,157247715.0000,-0.726000,LS,Down
2010-05-17,sh.601998,5.3900,5.3900,5.1700,5.2000,5.4700,25804539,135622648.0000,-4.936000,LL,Down
2010-05-18,sh.601998,5.2100,5.4200,5.1600,5.3600,5.2000,24805951,131533456.0000,3.076900,HH,Up
2010-05-19,sh.601998,5.3100,5.4100,5.2500,5.3000,5.3600,19243546,102418602.0000,-1.119400,LL,Down
2010-05-20,sh.601998,5.2300,5.3500,5.2000,5.2300,5.3000,13247830,69909464.0000,-1.320800,LS,Down
2010-05-21,sh.601998,5.1100,5.3700,5.0600,5.3400,5.2300,23600167,124355055.0000,2.103300,LH,Up
2010-05-24,sh.601998,5.3800,5.8700,5.3500,5.5900,5.3400,56620204,314422754.0000,4.681600,HH,Up
2010-05-25,sh.601998,5.5000,5.5200,5.3000,5.4100,5.5900,46582481,252015128.0000,-3.220000,LL,Down
2010-05-26,sh.601998,5.4100,5.4400,5.3100,5.3700,5.4100,18231470,97935825.0000,-0.739400,SL,Down
2010-05-27,sh.601998,5.3400,5.4300,5.2500,5.4000,5.3700,24323027,130184111.0000,0.558700,LH,Up
2010-05-28,sh.601998,5.4500,5.4700,5.3200,5.3600,5.4000,22192337,119659264.0000,-0.740700,HL,Down
2010-05-31,sh.601998,5.3300,5.3600,5.2000,5.2000,5.3600,19832036,104815195.0000,-2.985100,LL,Down
2010-06-01,sh.601998,5.1400,5.2600,5.1300,5.1900,5.2000,17698786,91589582.0000,-0.192300,LH,Down
2010-06-02,sh.601998,5.1500,5.2000,5.1000,5.1900,5.1900,13946310,71681134.0000,0.000000,LH,Smooth
2010-06-03,sh.601998,5.2200,5.2500,5.1300,5.1400,5.1900,17185636,89250408.0000,-0.963400,HL,Down
2010-06-04,sh.601998,5.1100,5.1700,5.0900,5.1500,5.1400,11725260,60163127.0000,0.194600,LH,Up
2010-06-07,sh.601998,5.0600,5.0900,5.0100,5.0600,5.1500,16293183,82221807.0000,-1.747600,LS,Down
2010-06-08,sh.601998,5.0600,5.1000,4.9700,5.0100,5.0600,16554146,83185835.0000,-0.988100,SL,Down
2010-06-09,sh.601998,5.0500,5.5100,5.0000,5.5100,5.0100,87829856,476756587.0000,9.980040,HH,Up
2010-06-10,sh.601998,5.4400,5.5600,5.4000,5.4800,5.5100,104619884,572501043.0000,-0.544500,LH,Down
2010-06-11,sh.601998,5.4800,5.5300,5.3900,5.4500,5.4800,57317394,313193221.0000,-0.547400,SL,Down
2010-06-17,sh.601998,5.5200,5.8000,5.4200,5.5600,5.4500,111738558,625524856.0000,2.018300,HH,Up
2010-06-18,sh.601998,5.5000,5.7500,5.4600,5.5500,5.5600,89916280,504720282.0000,-0.179900,LH,Down
2010-06-21,sh.601998,5.6100,5.8000,5.5000,5.7400,5.5500,96483341,550787403.0000,3.423400,HH,Up
2010-06-22,sh.601998,5.7000,5.7700,5.6700,5.7000,5.7400,45826968,261472424.0000,-0.696900,LS,Down
2010-06-24,sh.601998,5.6000,5.7500,5.5500,5.6500,5.7000,38175024,214985485.0000,-0.877200,LH,Down
2010-06-25,sh.601998,5.5900,5.7500,5.5500,5.6900,5.6500,43792788,247426488.0000,0.708000,LH,Up
2010-06-28,sh.601998,5.6500,5.8300,5.6000,5.8200,5.6900,62963940,360908575.0000,2.284700,LH,Up
2010-06-29,sh.601998,5.7700,5.8200,5.4100,5.4400,5.8200,74471411,419162583.0000,-6.529200,LL,Down
2010-06-30,sh.601998,5.3500,5.4900,5.3000,5.4000,5.4400,43153640,232984217.0000,-0.735300,LH,Down
2010-07-01,sh.601998,5.3800,5.5000,5.3400,5.4200,5.4000,34499685,187354620.0000,0.370400,LH,Up
2010-07-02,sh.601998,5.4200,5.5700,5.2700,5.5100,5.4200,42643823,231515090.0000,1.660500,SH,Up
2010-07-05,sh.601998,5.4100,5.5200,5.3400,5.4400,5.5100,31467719,170873132.0000,-1.270400,LH,Down
2010-07-06,sh.601998,5.4600,5.7000,5.4000,5.6500,5.4400,63444239,352052616.0000,3.860300,HH,Up
2010-07-07,sh.601998,5.5900,5.7200,5.5200,5.6700,5.6500,43396331,242852426.0000,0.354000,LH,Up
2010-07-08,sh.601998,5.6800,5.7300,5.6100,5.6500,5.6700,29812871,168903037.0000,-0.352700,HL,Down
2010-07-09,sh.601998,5.6400,5.8500,5.5600,5.7500,5.6500,56522766,324530983.0000,1.769900,LH,Up
2010-07-12,sh.601998,5.7500,5.9300,5.7000,5.8000,5.7500,49796193,290594895.0000,0.869600,SH,Up
2010-07-13,sh.601998,5.7300,5.8400,5.6000,5.7600,5.8000,33584619,191806611.0000,-0.689700,LH,Down
2010-07-14,sh.601998,5.7500,5.8900,5.7000,5.8400,5.7600,58328802,338861077.0000,1.388900,LH,Up
2010-07-15,sh.601998,5.8000,5.8700,5.5800,5.5900,5.8400,36622651,209355014.0000,-4.280800,LL,Down
2010-07-16,sh.601998,5.5600,5.6300,5.5200,5.6000,5.5900,19198750,107144592.0000,0.178886,LH,Up
2010-07-19,sh.601998,5.5500,5.7500,5.5200,5.7100,5.6000,30637906,173153209.0000,1.964300,LH,Up
2010-07-20,sh.601998,5.7100,5.7900,5.6600,5.7800,5.7100,46833921,268988307.0000,1.225900,SH,Up
2010-07-21,sh.601998,5.7600,5.8300,5.7100,5.8100,5.7800,45233622,261176214.0000,0.519000,LH,Up
2010-07-22,sh.601998,5.7100,5.8400,5.6800,5.7700,5.7200,38357381,221451237.0000,0.874100,LH,Up
2010-07-23,sh.601998,5.7800,6.0200,5.7400,5.9400,5.7700,92237953,544476040.0000,2.946300,HH,Up
2010-07-26,sh.601998,5.9500,6.0000,5.8600,5.9600,5.9400,40497323,240278501.0000,0.336700,HH,Up
2010-07-27,sh.601998,5.9400,5.9400,5.8700,5.8700,5.9600,24463205,144261970.0000,-1.510100,LL,Down
2010-07-28,sh.601998,5.8700,6.0600,5.8500,6.0400,5.8700,54685185,327203486.0000,2.896100,SH,Up
2010-07-29,sh.601998,6.0300,6.0700,5.9800,6.0300,6.0400,43171520,260180214.0000,-0.165600,LS,Down
2010-07-30,sh.601998,6.0100,6.0200,5.9000,5.9900,6.0300,23210816,138207760.0000,-0.663300,LL,Down
2010-08-02,sh.601998,5.9700,6.1500,5.9600,6.0600,5.9900,42594637,257901464.0000,1.168600,LH,Up
2010-08-03,sh.601998,6.0800,6.1000,5.8500,5.9000,6.0600,28923454,173713000.0000,-2.640300,HL,Down
2010-08-04,sh.601998,5.9000,5.9500,5.8200,5.9200,5.9000,24883595,146161769.0000,0.339000,SH,Up
2010-08-05,sh.601998,5.9100,5.9200,5.8000,5.8800,5.9200,31243219,182950989.0000,-0.675700,LL,Down
2010-08-06,sh.601998,5.8500,6.0100,5.7800,5.9600,5.8800,30678743,181130413.0000,1.360500,LH,Up
2010-08-09,sh.601998,5.9500,5.9800,5.8900,5.9400,5.9600,25619699,151944100.0000,-0.335600,LL,Down
2010-08-10,sh.601998,5.9600,5.9700,5.6400,5.6800,5.9400,31017924,180279268.0000,-4.377100,HL,Down
2010-08-11,sh.601998,5.6600,5.7600,5.6500,5.7400,5.6800,18325138,104624891.0000,1.056300,LH,Up
2010-08-12,sh.601998,5.6600,5.7200,5.6200,5.6400,5.7400,28565642,161652030.0000,-1.742200,LL,Down
2010-08-13,sh.601998,5.6400,5.7500,5.5500,5.7400,5.6400,29388180,166192689.0000,1.773000,SH,Up
2010-08-16,sh.601998,5.7400,5.8600,5.6500,5.8300,5.7400,26631858,154386567.0000,1.567900,SH,Up
2010-08-17,sh.601998,5.8100,5.9500,5.7200,5.9200,5.8300,42543855,248937785.0000,1.543700,LH,Up
2010-08-18,sh.601998,5.9100,6.0300,5.8600,5.9200,5.9200,44394702,264361052.0000,0.000000,LH,Smooth
2010-08-19,sh.601998,5.9100,6.0100,5.8600,5.9700,5.9200,34168417,203303726.0000,0.844600,LH,Up
2010-08-20,sh.601998,5.9300,5.9800,5.7900,5.8000,5.9700,27345851,160413192.0000,-2.847600,LL,Down
2010-08-23,sh.601998,5.8000,5.8800,5.7500,5.7700,5.8000,15192910,88251802.0000,-0.517200,SL,Down
2010-08-24,sh.601998,5.7800,5.9000,5.7000,5.8200,5.7700,16929473,98443707.0000,0.866600,HH,Up
2010-08-25,sh.601998,5.8000,5.8000,5.6100,5.6400,5.8200,25201448,143433870.0000,-3.092800,LL,Down
2010-08-26,sh.601998,5.6600,5.7100,5.6000,5.6400,5.6400,13113220,74017978.0000,0.000000,HL,Smooth
2010-08-27,sh.601998,5.6400,5.6900,5.5900,5.6800,5.6400,10230521,57823445.0000,0.709200,SH,Up
2010-08-30,sh.601998,5.6800,5.7600,5.6700,5.7200,5.6800,16608611,94931957.0000,0.704200,SH,Up
2010-08-31,sh.601998,5.7100,5.7100,5.6000,5.6300,5.7200,25996230,146276452.0000,-1.573400,LL,Down
2010-09-01,sh.601998,5.6200,5.8300,5.6000,5.6900,5.6300,40273728,230198019.0000,1.065700,LH,Up
2010-09-02,sh.601998,5.7200,5.7600,5.6400,5.6800,5.6900,23822187,135343408.0000,-0.175700,HL,Down
2010-09-03,sh.601998,5.6900,5.6900,5.5600,5.6200,5.6800,32358725,181205303.0000,-1.056300,HL,Down
2010-09-06,sh.601998,5.6200,5.7400,5.6000,5.7200,5.6200,38239388,217377666.0000,1.779400,SH,Up
2010-09-07,sh.601998,5.7200,5.7200,5.6400,5.6800,5.7200,22080629,125296145.0000,-0.699300,SL,Down
2010-09-08,sh.601998,5.6400,5.6700,5.5600,5.6000,5.6800,26807439,149880770.0000,-1.408449,LL,Down
2010-09-09,sh.601998,5.5900,5.5900,5.4300,5.4600,5.6000,34749660,191069466.0000,-2.500000,LL,Down
2010-09-10,sh.601998,5.4500,5.4800,5.3700,5.4000,5.4600,23945942,129587105.0000,-1.098900,LL,Down
2010-09-13,sh.601998,5.4000,5.4800,5.3500,5.3900,5.4000,23781070,128624513.0000,-0.185200,SL,Down
2010-09-14,sh.601998,5.4400,5.4700,5.3700,5.4000,5.3900,35000620,189313718.0000,0.185500,HL,Up
2010-09-15,sh.601998,5.4000,5.4000,5.1900,5.2700,5.4000,31651515,167880626.0000,-2.407400,SL,Down
2010-09-16,sh.601998,5.2400,5.2700,5.1000,5.1400,5.2700,23507493,121588679.0000,-2.466800,LL,Down
2010-09-17,sh.601998,5.1500,5.2200,5.1500,5.1800,5.1400,21118914,109460993.0000,0.778200,HH,Up
2010-09-20,sh.601998,5.1900,5.2500,5.1000,5.1800,5.1800,23649907,122580748.0000,0.000000,HL,Smooth
2010-09-21,sh.601998,5.2000,5.2100,5.1200,5.1400,5.1800,14857082,76463396.0000,-0.772200,HL,Down
2010-09-27,sh.601998,5.1400,5.1600,5.1000,5.1400,5.1400,19560858,100215965.0000,0.000000,SS,Smooth
2010-09-28,sh.601998,5.1400,5.1400,5.0300,5.0400,5.1400,21221530,107948158.0000,-1.945500,SL,Down
2010-09-29,sh.601998,5.0400,5.1500,5.0300,5.0900,5.0400,16809490,85785981.0000,0.992100,SH,Up
2010-10-08,sh.601998,5.2100,5.4100,5.1300,5.3000,5.0900,43736489,230078259.0000,4.125700,HH,Up
2010-10-11,sh.601998,5.3300,5.5200,5.2800,5.5000,5.3000,61218332,332831989.0000,3.773600,HH,Up
2010-10-12,sh.601998,5.4500,5.4700,5.3800,5.4300,5.5000,45377032,245867058.0000,-1.272700,LL,Down
2010-10-13,sh.601998,5.4200,5.6800,5.4000,5.6300,5.4300,65856430,365553144.0000,3.683200,LH,Up
2010-10-14,sh.601998,5.6300,6.0000,5.6300,5.7400,5.6300,107669503,631344081.0000,1.953800,SH,Up
2010-10-15,sh.601998,5.7000,6.1800,5.6600,6.1700,5.7400,148592107,894687935.0000,7.491300,LH,Up
2010-10-18,sh.601998,6.2200,6.4700,6.0500,6.2100,6.1700,99213956,620328067.0000,0.648300,HL,Up
2010-10-19,sh.601998,6.1200,6.2000,5.9900,6.1900,6.2100,54663942,332266441.0000,-0.322100,LH,Down
2010-10-20,sh.601998,6.1400,6.4100,6.1000,6.1400,6.1900,60243719,374279907.0000,-0.807800,LS,Down
2010-10-21,sh.601998,6.1200,6.1200,5.8700,5.9400,6.1400,51367051,305638922.0000,-3.257300,LL,Down
2010-10-22,sh.601998,5.9000,5.9400,5.7500,5.8500,5.9400,66188299,384725178.0000,-1.515200,LL,Down
2010-10-25,sh.601998,5.8300,5.9700,5.7300,5.9500,5.8500,62806693,368258535.0000,1.709400,LH,Up
2010-10-26,sh.601998,5.9200,6.0600,5.8000,5.9900,5.9500,68224112,403848412.0000,0.672300,LH,Up
2010-10-27,sh.601998,5.9200,6.0700,5.8100,5.8400,5.9900,39316660,233044971.0000,-2.504200,LL,Down
2010-10-28,sh.601998,5.8200,5.8900,5.7600,5.8300,5.8400,34906196,203061057.0000,-0.171200,LH,Down
2010-10-29,sh.601998,5.8200,5.8300,5.6400,5.7100,5.8300,45489013,260910754.0000,-2.058300,LL,Down
2010-11-01,sh.601998,5.7300,5.8200,5.7200,5.8100,5.7100,37821180,218396391.0000,1.751300,HH,Up
2010-11-02,sh.601998,5.8100,5.9500,5.7300,5.8400,5.8100,50273371,293284384.0000,0.516400,SH,Up
2010-11-03,sh.601998,5.8600,6.0900,5.7800,5.9700,5.8400,75012618,446685174.0000,2.226000,HH,Up
2010-11-04,sh.601998,5.9300,5.9900,5.9000,5.9500,5.9700,46947179,278354468.0000,-0.335000,LH,Down
2010-11-05,sh.601998,5.9900,6.0300,5.9000,5.9600,5.9500,47671009,283424231.0000,0.168100,HL,Up
2010-11-08,sh.601998,5.9600,6.0400,5.9300,5.9800,5.9600,49529818,296323082.0000,0.335600,SH,Up
2010-11-09,sh.601998,5.9900,6.0100,5.7900,5.8400,5.9800,54329629,319128056.0000,-2.341100,HL,Down
2010-11-10,sh.601998,5.8100,5.8100,5.7100,5.7500,5.8400,31595188,181524860.0000,-1.541100,LL,Down
2010-11-11,sh.601998,5.7400,5.9200,5.7100,5.8300,5.7500,46902363,272682053.0000,1.391300,LH,Up
2010-11-12,sh.601998,5.8000,5.8200,5.4600,5.4900,5.8300,46871425,264820935.0000,-5.831900,LL,Down
2010-11-15,sh.601998,5.5200,5.6200,5.3800,5.6100,5.4900,32594825,179290099.0000,2.185800,HH,Up
2010-11-16,sh.601998,5.5700,5.5700,5.3700,5.4000,5.6100,24204671,132057048.0000,-3.743300,LL,Down
2010-11-17,sh.601998,5.3500,5.5000,5.3200,5.3900,5.4000,21649067,117111122.0000,-0.185200,LH,Down
2010-11-18,sh.601998,5.4300,5.7500,5.3700,5.7100,5.3900,62217840,349719059.0000,5.936900,HH,Up
2010-11-19,sh.601998,5.6300,5.7200,5.5000,5.6500,5.7100,34566250,194309570.0000,-1.050800,LH,Down
2010-11-22,sh.601998,5.5600,5.7000,5.4600,5.5200,5.6500,26788427,149023876.0000,-2.300900,LL,Down
2010-11-23,sh.601998,5.5100,5.5200,5.3700,5.4400,5.5200,18365010,99654982.0000,-1.449300,LL,Down
2010-11-24,sh.601998,5.4400,5.5500,5.4300,5.5100,5.4400,16573103,91077594.0000,1.286800,SH,Up
2010-11-25,sh.601998,5.5300,5.7000,5.4500,5.6100,5.5100,32950701,183953747.0000,1.814900,HH,Up
2010-11-26,sh.601998,5.5800,5.5900,5.4900,5.5100,5.6100,17257213,95348611.0000,-1.782500,LL,Down
2010-11-29,sh.601998,5.4800,5.5400,5.4200,5.4900,5.5100,12198744,66798315.0000,-0.363000,LH,Down
2010-11-30,sh.601998,5.4900,5.5400,5.3500,5.4300,5.4900,18541356,100638644.0000,-1.092900,SL,Down
2010-12-01,sh.601998,5.4300,5.4800,5.3800,5.4400,5.4300,9585607,52056309.0000,0.184200,SH,Up
2010-12-02,sh.601998,5.4800,5.5200,5.4500,5.4600,5.4400,14945187,81960412.0000,0.367600,HL,Up
2010-12-03,sh.601998,5.4800,5.4900,5.4200,5.4500,5.4600,10229499,55796902.0000,-0.183200,HL,Down
2010-12-06,sh.601998,5.4600,5.6000,5.4300,5.5200,5.4500,18277627,100900899.0000,1.284400,HH,Up
2010-12-07,sh.601998,5.5000,5.5200,5.4000,5.5000,5.5200,14887205,81154691.0000,-0.362300,LS,Down
2010-12-08,sh.601998,5.4900,5.5000,5.4100,5.4200,5.5000,11181008,60923742.0000,-1.454500,LL,Down
2010-12-09,sh.601998,5.4200,5.4400,5.3600,5.3700,5.4200,12744151,68778491.0000,-0.922500,SL,Down
2010-12-10,sh.601998,5.3700,5.4200,5.3200,5.4000,5.3700,15329260,82317888.0000,0.558700,SH,Up
2010-12-13,sh.601998,5.3900,5.4900,5.3600,5.4800,5.4000,21513952,116826938.0000,1.481500,LH,Up
2010-12-14,sh.601998,5.4800,5.5400,5.4400,5.4700,5.4800,18376715,100876964.0000,-0.182500,SL,Down
2010-12-15,sh.601998,5.4800,5.5500,5.4600,5.4700,5.4700,18079671,99409916.0000,0.000000,HL,Smooth
2010-12-16,sh.601998,5.4600,5.4800,5.4000,5.4300,5.4700,12520199,68041082.0000,-0.731300,LL,Down
2010-12-17,sh.601998,5.4200,5.4400,5.3900,5.4100,5.4300,8477190,45804612.0000,-0.368300,LL,Down
2010-12-20,sh.601998,5.4100,5.4300,5.2200,5.3000,5.4100,23399424,124344787.0000,-2.033300,SL,Down
2010-12-21,sh.601998,5.3000,5.4000,5.2100,5.4000,5.3000,45573790,241377031.0000,1.886800,SH,Up
2010-12-22,sh.601998,5.3600,5.3700,5.2500,5.2800,5.4000,27157659,144159519.0000,-2.222200,LL,Down
2010-12-23,sh.601998,5.2900,5.4800,5.2300,5.3100,5.2800,36080260,193003036.0000,0.568200,HH,Up
2010-12-24,sh.601998,5.2600,5.3900,5.2300,5.3000,5.3100,23854347,126743712.0000,-0.188300,LH,Down
2010-12-27,sh.601998,5.3500,5.3900,5.1900,5.2100,5.3000,22881826,121057901.0000,-1.698100,HL,Down
2010-12-28,sh.601998,5.2000,5.2800,5.1800,5.2000,5.2100,13979863,72902681.0000,-0.191900,LS,Down
2010-12-29,sh.601998,5.1900,5.2300,5.1500,5.1900,5.2000,11469861,59342519.0000,-0.192300,LS,Down
2010-12-30,sh.601998,5.2000,5.2500,5.1300,5.2000,5.1900,10080545,52288253.0000,0.192700,HS,Up
2010-12-31,sh.601998,5.1900,5.2600,5.1800,5.2500,5.2000,12360411,64668365.0000,0.961500,LH,Up
2011-01-04,sh.601998,5.2500,5.3300,5.2100,5.3100,5.2500,21412969,113347013.0000,1.142900,SH,Up
2011-01-05,sh.601998,5.2700,5.3400,5.2500,5.2900,5.3100,19058155,100884967.0000,-0.376600,LH,Down
2011-01-06,sh.601998,5.2900,5.3100,5.2000,5.2400,5.2900,13869216,72861393.0000,-0.945200,SL,Down
2011-01-07,sh.601998,5.2300,5.5100,5.2100,5.3700,5.2400,60133704,324797666.0000,2.480900,LH,Up
2011-01-10,sh.601998,5.3400,5.3800,5.2000,5.2300,5.3700,36850673,194231015.0000,-2.607100,LL,Down
2011-01-11,sh.601998,5.2300,5.3000,5.2000,5.2800,5.2300,14429279,75808783.0000,0.956000,SH,Up
2011-01-12,sh.601998,5.2800,5.3500,5.2600,5.3300,5.2800,15504032,82221876.0000,0.947000,SH,Up
2011-01-13,sh.601998,5.3400,5.3400,5.2900,5.3000,5.3300,12926841,68756793.0000,-0.562900,HL,Down
2011-01-14,sh.601998,5.2900,5.3000,5.2200,5.2300,5.3000,12419259,65194134.0000,-1.320800,LL,Down
2011-01-17,sh.601998,5.2100,5.2200,5.0700,5.1100,5.2300,18734645,96406115.0000,-2.294500,LL,Down
2011-01-18,sh.601998,5.1000,5.1200,5.0000,5.0400,5.1100,15251636,77355752.0000,-1.369900,LL,Down
2011-01-19,sh.601998,5.0500,5.1600,5.0500,5.1300,5.0400,13936871,71189073.0000,1.785700,HH,Up
2011-01-20,sh.601998,5.1300,5.1600,5.0300,5.0500,5.1300,13850616,70459730.0000,-1.559500,SL,Down
2011-01-21,sh.601998,5.0900,5.2700,5.0700,5.1700,5.0500,20171247,104249056.0000,2.376200,HH,Up
2011-01-24,sh.601998,5.1600,5.1900,5.1200,5.1500,5.1700,7217298,37159474.0000,-0.386800,LL,Down
2011-01-25,sh.601998,5.1700,5.2000,5.1100,5.1300,5.1500,12316533,63518861.0000,-0.388300,HL,Down
2011-01-26,sh.601998,5.1300,5.1700,5.1200,5.1500,5.1300,7907526,40676049.0000,0.389900,SH,Up
2011-01-27,sh.601998,5.1200,5.2000,5.0600,5.1800,5.1500,18894425,96918694.0000,0.582500,LH,Up
2011-01-28,sh.601998,5.1600,5.1700,5.1200,5.1500,5.1800,11186293,57441951.0000,-0.579200,LL,Down
2011-01-31,sh.601998,5.1400,5.1800,5.1300,5.1800,5.1500,10149041,52386153.0000,0.582500,LH,Up
2011-02-01,sh.601998,5.1800,5.1900,5.1500,5.1800,5.1800,8931612,46219196.0000,0.000000,SS,Smooth
2011-02-09,sh.601998,5.1700,5.2100,5.1300,5.1500,5.1800,9398509,48582585.0000,-0.579200,LL,Down
2011-02-10,sh.601998,5.1600,5.1900,5.1300,5.1900,5.1500,11997473,61931056.0000,0.776700,HH,Up
2011-02-11,sh.601998,5.1700,5.2200,5.1500,5.2100,5.1900,16791232,87110311.0000,0.385400,LH,Up
2011-02-14,sh.601998,5.2000,5.4100,5.1900,5.3700,5.2100,43373192,230662005.0000,3.071000,LH,Up
2011-02-15,sh.601998,5.3600,5.3700,5.3000,5.3100,5.3700,21978144,117291345.0000,-1.117300,LL,Down
2011-02-16,sh.601998,5.3000,5.3600,5.2800,5.3500,5.3100,13037382,69228645.0000,0.753300,LH,Up
2011-02-17,sh.601998,5.3600,5.4800,5.3400,5.3700,5.3500,26694133,144209383.0000,0.373800,HH,Up
2011-02-18,sh.601998,5.3800,5.4800,5.3500,5.4200,5.3700,26735970,144985676.0000,0.931100,HH,Up
2011-02-21,sh.601998,5.3600,5.4100,5.3400,5.3800,5.4200,13695872,73569151.0000,-0.738000,LH,Down
2011-02-22,sh.601998,5.4000,5.4400,5.2400,5.2500,5.3800,15880752,84200251.0000,-2.416400,HL,Down
2011-02-23,sh.601998,5.2400,5.2800,5.2000,5.2400,5.2500,9360675,49035375.0000,-0.190500,LS,Down
2011-02-24,sh.601998,5.2500,5.2700,5.2100,5.2500,5.2400,10079420,52731967.0000,0.190800,HS,Up
2011-02-25,sh.601998,5.2600,5.3300,5.2000,5.2700,5.2500,11867723,62477051.0000,0.381000,HH,Up
2011-02-28,sh.601998,5.2900,5.3000,5.2200,5.2800,5.2700,8785891,46266700.0000,0.189800,HL,Up
2011-03-01,sh.601998,5.2900,5.4000,5.2700,5.3600,5.2800,21003122,112083493.0000,1.515150,HH,Up
2011-03-02,sh.601998,5.3200,5.5100,5.3000,5.4100,5.3600,30072730,162921670.0000,0.932800,LH,Up
2011-03-03,sh.601998,5.4100,5.6700,5.3800,5.5500,5.4100,81522810,454229253.0000,2.587800,SH,Up
2011-03-04,sh.601998,5.5400,5.7100,5.5300,5.6600,5.5500,57100603,322381966.0000,1.982000,LH,Up
2011-03-07,sh.601998,5.6700,5.7600,5.6200,5.6600,5.6600,33701115,192114356.0000,0.000000,HL,Smooth
2011-03-08,sh.601998,5.6400,5.7500,5.6200,5.6500,5.6600,16681598,94634495.0000,-0.176700,LH,Down
2011-03-09,sh.601998,5.6700,5.7000,5.5700,5.6200,5.6500,22995086,129069645.0000,-0.531000,HL,Down
2011-03-10,sh.601998,5.5900,5.5900,5.4900,5.5400,5.6200,20804604,114968758.0000,-1.423500,LL,Down
2011-03-11,sh.601998,5.5300,5.5400,5.4000,5.4300,5.5400,21360284,116829493.0000,-1.985600,LL,Down
2011-03-14,sh.601998,5.4300,5.4900,5.4100,5.4400,5.4300,8807302,47875751.0000,0.184200,SH,Up
2011-03-15,sh.601998,5.4100,5.4200,5.2400,5.3400,5.4400,19183155,102001232.0000,-1.838200,LL,Down
2011-03-16,sh.601998,5.3400,5.3900,5.3100,5.3700,5.3400,9363611,50140097.0000,0.561800,SH,Up
2011-03-17,sh.601998,5.3400,5.3700,5.3000,5.3200,5.3700,7624683,40635697.0000,-0.931100,LL,Down
2011-03-18,sh.601998,5.3700,5.3800,5.2900,5.3200,5.3200,10946407,58442865.0000,0.000000,HL,Smooth
2011-03-21,sh.601998,5.3200,5.3600,5.3000,5.3300,5.3200,10720385,57032214.0000,0.188000,SH,Up
2011-03-22,sh.601998,5.3500,5.4200,5.2900,5.4200,5.3300,19852564,106788466.0000,1.688600,HH,Up
2011-03-23,sh.601998,5.4000,5.4600,5.3700,5.4400,5.4200,25181581,136623307.0000,0.369000,LH,Up
2011-03-24,sh.601998,5.4600,5.4600,5.3800,5.3900,5.4400,11300635,61152223.0000,-0.919100,HL,Down
2011-03-25,sh.601998,5.4300,5.5300,5.3900,5.4800,5.3900,22035696,120808283.0000,1.669800,HH,Up
2011-03-28,sh.601998,5.4900,5.6800,5.4900,5.5600,5.4800,29376407,164789974.0000,1.459900,HH,Up
2011-03-29,sh.601998,5.5600,5.8000,5.5200,5.7300,5.5600,72814754,415781888.0000,3.057600,SH,Up
2011-03-30,sh.601998,5.7200,5.8300,5.6200,5.7700,5.7300,37783665,217305169.0000,0.698100,LH,Up
2011-03-31,sh.601998,5.7600,5.8000,5.6600,5.6700,5.7700,27915740,159690207.0000,-1.733100,LL,Down
2011-04-01,sh.601998,5.6500,5.7800,5.6200,5.7300,5.6700,21182801,121078985.0000,1.058200,LH,Up
2011-04-06,sh.601998,5.7000,5.9500,5.6800,5.8100,5.7300,47875574,280144260.0000,1.396200,LH,Up
2011-04-08,sh.601998,5.7900,5.8400,5.7000,5.7500,5.8100,29399939,169423624.0000,-1.032700,LL,Down
2011-04-11,sh.601998,5.7700,5.8100,5.6600,5.6800,5.7500,23802591,136118004.0000,-1.217400,HL,Down
2011-04-12,sh.601998,5.6600,5.6900,5.5900,5.6400,5.6800,23464875,132231501.0000,-0.704200,LL,Down
2011-04-13,sh.601998,5.6200,5.7100,5.5600,5.6900,5.6400,32287504,181590962.0000,0.886500,LH,Up
2011-04-14,sh.601998,5.6800,5.8000,5.6600,5.7000,5.6900,35500876,203366759.0000,0.175700,LH,Up
2011-04-15,sh.601998,5.6800,5.8700,5.6800,5.8200,5.7000,38674259,224233517.0000,2.105300,LH,Up
2011-04-18,sh.601998,5.8000,5.8300,5.7600,5.8000,5.8200,16692520,96614243.0000,-0.343600,LS,Down
2011-04-19,sh.601998,5.7600,5.7900,5.6300,5.6400,5.8000,19957971,114066512.0000,-2.758600,LL,Down
2011-04-20,sh.601998,5.6700,5.7100,5.6500,5.6700,5.6400,12519810,71033021.0000,0.531900,HS,Up
2011-04-21,sh.601998,5.6800,5.7500,5.6500,5.7000,5.6700,8396397,47824455.0000,0.529100,HH,Up
2011-04-22,sh.601998,5.6800,5.7500,5.6600,5.6900,5.7000,7763588,44178207.0000,-0.175400,LH,Down
2011-04-25,sh.601998,5.6600,5.7200,5.6100,5.6600,5.6900,11998668,68051558.0000,-0.527200,LS,Down
2011-04-26,sh.601998,5.6200,5.7000,5.5900,5.6300,5.6600,16253231,91629700.0000,-0.530000,LH,Down
2011-04-27,sh.601998,5.6500,5.7200,5.6000,5.7100,5.6300,22343370,126641986.0000,1.421000,HH,Up
2011-04-28,sh.601998,5.7200,5.8800,5.7000,5.7100,5.7100,34823052,201896083.0000,0.000000,HL,Smooth
2011-04-29,sh.601998,5.7000,5.7600,5.5200,5.5600,5.7100,23701503,132096336.0000,-2.627000,LL,Down
2011-05-03,sh.601998,5.5900,5.6000,5.5300,5.5800,5.5600,12386014,68902075.0000,0.359700,HL,Up
2011-05-04,sh.601998,5.5600,5.5600,5.3600,5.4200,5.5800,19021139,103933476.0000,-2.867400,LL,Down
2011-05-05,sh.601998,5.4200,5.5000,5.3800,5.4400,5.4200,8611076,46816843.0000,0.369000,SH,Up
2011-05-06,sh.601998,5.4200,5.4400,5.3900,5.4100,5.4400,8212452,44439700.0000,-0.551500,LL,Down
2011-05-09,sh.601998,5.4200,5.4500,5.3300,5.3800,5.4100,7984479,43022345.0000,-0.554500,HL,Down
2011-05-10,sh.601998,5.3900,5.4400,5.3700,5.4200,5.3800,5442726,29435336.0000,0.743500,HH,Up
2011-05-11,sh.601998,5.4300,5.4500,5.3700,5.4100,5.4200,6696282,36204960.0000,-0.184500,HL,Down
2011-05-12,sh.601998,5.4100,5.4200,5.3300,5.3400,5.4100,8121516,43632649.0000,-1.293900,SL,Down
2011-05-13,sh.601998,5.3500,5.4200,5.3400,5.4200,5.3400,6722988,36131681.0000,1.498100,HH,Up
2011-05-16,sh.601998,5.3800,5.4100,5.3200,5.3600,5.4200,9133688,48927222.0000,-1.107000,LL,Down
2011-05-17,sh.601998,5.3500,5.4000,5.2900,5.3600,5.3600,13118936,69898760.0000,0.000000,LH,Smooth
2011-05-18,sh.601998,5.3500,5.4100,5.3100,5.3800,5.3600,9321970,50135943.0000,0.373100,LH,Up
2011-05-19,sh.601998,5.3900,5.4200,5.3400,5.3500,5.3800,6413446,34458698.0000,-0.557600,HL,Down
2011-05-20,sh.601998,5.3600,5.5100,5.3400,5.5000,5.3500,27171264,148697957.0000,2.803700,HH,Up
2011-05-23,sh.601998,5.4600,5.4600,5.3800,5.3900,5.5000,9978199,53889560.0000,-2.000000,LL,Down
2011-05-24,sh.601998,5.3800,5.3900,5.2400,5.2500,5.3900,18126849,95858591.0000,-2.597400,LL,Down
2011-05-25,sh.601998,5.2600,5.2600,5.0900,5.1100,5.2500,16536916,85307686.0000,-2.666700,HL,Down
2011-05-27,sh.601998,5.1300,5.2100,5.0900,5.1200,5.1100,14320574,73471109.0000,0.195700,HL,Up
2011-05-30,sh.601998,5.1000,5.1800,5.1000,5.1400,5.1200,11250672,57849002.0000,0.390600,LH,Up
2011-05-31,sh.601998,5.1400,5.1800,5.1000,5.1700,5.1400,10161790,52218941.0000,0.583700,SH,Up
2011-06-01,sh.601998,5.1700,5.1700,5.1000,5.1300,5.1700,7962120,40818708.0000,-0.773700,SL,Down
2011-06-02,sh.601998,5.1000,5.1200,4.8500,4.9300,5.1300,32027026,159285352.0000,-3.898600,LL,Down
2011-06-03,sh.601998,4.9100,4.9600,4.9000,4.9600,4.9300,10032572,49557958.0000,0.608500,LH,Up
2011-06-07,sh.601998,4.9500,4.9900,4.9100,4.9700,4.9600,6160728,30557872.0000,0.201600,LH,Up
2011-06-08,sh.601998,4.9800,4.9900,4.9100,4.9600,4.9700,6898743,34069708.0000,-0.201200,HL,Down
2011-06-09,sh.601998,4.9700,4.9700,4.9100,4.9100,4.9600,5114621,25254620.0000,-1.008100,HL,Down
2011-06-10,sh.601998,4.9200,4.9400,4.8800,4.9200,4.9100,8785773,43153603.0000,0.203700,HS,Up
2011-06-13,sh.601998,4.8800,4.9200,4.8500,4.9000,4.9200,6129212,29879816.0000,-0.406500,LH,Down
2011-06-14,sh.601998,4.9000,4.9600,4.8700,4.9500,4.9000,9519594,46959329.0000,1.020400,SH,Up
2011-06-15,sh.601998,4.9400,4.9400,4.8500,4.8800,4.9500,11800636,57649621.0000,-1.414100,LL,Down
2011-06-16,sh.601998,4.8600,4.8600,4.8100,4.8300,4.8800,6618413,31965430.0000,-1.024600,LL,Down
2011-06-17,sh.601998,4.8100,4.8400,4.7100,4.7400,4.8300,10843090,51892338.0000,-1.863400,LL,Down
2011-06-20,sh.601998,4.7300,4.7500,4.6400,4.6700,4.7400,16051970,74817620.0000,-1.476800,LL,Down
2011-06-21,sh.601998,4.6800,4.6900,4.6300,4.6700,4.6700,15744701,73226409.0000,0.000000,HL,Smooth
2011-06-22,sh.601998,4.6600,4.7200,4.6300,4.6800,4.6700,15061462,70389585.0000,0.214100,LH,Up
2011-06-23,sh.601998,4.6600,4.7600,4.6400,4.7400,4.6800,12391337,58143936.0000,1.282100,LH,Up
2011-06-24,sh.601998,4.7200,4.8600,4.7100,4.8400,4.7400,42542063,203599412.0000,2.109700,LH,Up
2011-06-27,sh.601998,4.8400,4.8700,4.7800,4.8000,4.8400,39873223,191992012.0000,-0.826400,SL,Down
2011-06-28,sh.601998,4.8000,4.8100,4.7200,4.7500,4.8000,45787197,217317790.0000,-1.041700,SL,Down
2011-07-07,sh.601998,4.5900,4.5900,4.4600,4.4800,4.5100,61906093,279263157.0000,-0.665200,HL,Down
2011-07-08,sh.601998,4.4700,4.5900,4.4300,4.5500,4.4800,60646050,274090121.0000,1.562504,LH,Up
2011-07-11,sh.601998,4.5100,4.5300,4.4700,4.4900,4.5500,36973005,166062765.0000,-1.318700,LL,Down
2011-07-12,sh.601998,4.4700,4.4700,4.3900,4.4000,4.4900,34652311,153161653.0000,-2.004500,LL,Down
2011-07-13,sh.601998,4.4000,4.5000,4.3900,4.4800,4.4000,43047306,191568687.0000,1.818200,SH,Up
2011-07-14,sh.601998,4.4700,4.5300,4.4000,4.5100,4.4800,54322622,242771072.0000,0.669600,LH,Up
2011-07-15,sh.601998,4.4900,4.5400,4.4600,4.5400,4.5100,31531642,142341439.0000,0.665200,LH,Up
2011-07-18,sh.601998,4.5400,4.5500,4.5000,4.5100,4.5400,22144826,100148476.0000,-0.660800,SL,Down
2011-07-19,sh.601998,4.5000,4.5000,4.4500,4.4600,4.5100,15177520,67769434.0000,-1.108600,LL,Down
2011-07-20,sh.601998,4.4800,4.5100,4.4300,4.4500,4.4600,9764046,43591595.0000,-0.224200,HL,Down
2011-07-21,sh.601998,4.4700,4.4700,4.4000,4.4200,4.4500,25794106,113851907.0000,-0.674200,HL,Down
2011-07-22,sh.601998,4.4300,4.4400,4.3800,4.4100,4.4200,18964124,83613686.0000,-0.226200,HL,Down
2011-07-25,sh.601998,4.4000,4.4100,4.3000,4.3200,4.4100,23099471,100658831.0000,-2.040800,LL,Down
2011-07-26,sh.601998,4.3200,4.3600,4.3000,4.3300,4.3200,10236343,44348690.0000,0.231500,SH,Up
2011-07-27,sh.601998,4.3200,4.3700,4.3000,4.3400,4.3300,13118946,57014742.0000,0.230900,LH,Up
2011-07-28,sh.601998,4.3100,4.3900,4.3000,4.3500,4.3400,19740655,86119483.0000,0.230400,LH,Up
2011-07-29,sh.601998,4.3400,4.7900,4.3200,4.6900,4.3500,187613060,884840432.0000,7.816100,LH,Up
2011-08-01,sh.601998,4.5300,4.5900,4.4700,4.5400,4.6900,106188483,481208127.0000,-3.198300,LH,Down
2011-08-02,sh.601998,4.5000,4.5400,4.4100,4.5200,4.5400,60974366,272888588.0000,-0.440500,LH,Down
2011-08-03,sh.601998,4.4500,4.6000,4.4400,4.5400,4.5200,57520863,260334906.0000,0.442500,LH,Up
2011-08-04,sh.601998,4.5500,4.5800,4.4700,4.4800,4.5400,33086456,149244761.0000,-1.321600,HL,Down
2011-08-05,sh.601998,4.3500,4.4300,4.3200,4.3800,4.4800,34773253,152259281.0000,-2.232100,LH,Down
2011-08-08,sh.601998,4.3500,4.4400,4.1100,4.2400,4.3800,47803888,206154304.0000,-3.196300,LL,Down
2011-08-09,sh.601998,4.1100,4.3400,4.1100,4.2900,4.2400,54820286,232641731.0000,1.179200,LH,Up
2011-08-10,sh.601998,4.3500,4.3800,4.2900,4.3200,4.2900,41239868,178933767.0000,0.699300,HL,Up
2011-08-11,sh.601998,4.2500,4.4100,4.2200,4.3700,4.3200,26459937,114367665.0000,1.157400,LH,Up
2011-08-12,sh.601998,4.3700,4.4400,4.3300,4.3700,4.3700,28167030,123207293.0000,0.000000,SS,Smooth
2011-08-15,sh.601998,4.3600,4.6300,4.3300,4.5400,4.3700,63013707,284039564.0000,3.890200,LH,Up
2011-08-16,sh.601998,4.5100,4.6000,4.4900,4.5100,4.5400,36461906,165528345.0000,-0.660800,LS,Down
2011-08-17,sh.601998,4.4900,4.5600,4.4900,4.5000,4.5100,22080630,99970415.0000,-0.221700,LH,Down
2011-08-18,sh.601998,4.5300,4.5300,4.4000,4.4200,4.5000,14997213,66754681.0000,-1.777800,HL,Down
2011-08-19,sh.601998,4.3500,4.4100,4.2900,4.3900,4.4200,19575183,85041817.0000,-0.678700,LH,Down
2011-08-22,sh.601998,4.3800,4.4600,4.3500,4.3700,4.3900,12258686,53888533.0000,-0.455600,LL,Down
2011-08-23,sh.601998,4.3900,4.5500,4.3600,4.5200,4.3700,28795860,129198828.0000,3.432500,HH,Up
2011-08-24,sh.601998,4.5300,4.5500,4.4500,4.4800,4.5200,13873103,62489041.0000,-0.885000,HL,Down
2011-08-25,sh.601998,4.5000,4.6600,4.4900,4.6300,4.4800,72672634,334331990.0000,3.348200,HH,Up
2011-08-26,sh.601998,4.5700,4.6300,4.5600,4.6300,4.6300,30014302,137974638.0000,0.000000,LH,Smooth
2011-08-29,sh.601998,4.5800,4.5800,4.4300,4.4600,4.6300,49992608,224076682.0000,-3.671700,LL,Down
2011-08-30,sh.601998,4.5000,4.5800,4.3900,4.4300,4.4600,39858739,178928771.0000,-0.672600,HL,Down
2011-08-31,sh.601998,4.4000,4.4900,4.4000,4.4600,4.4300,14499546,64507647.0000,0.677200,LH,Up
2011-09-01,sh.601998,4.4600,4.5500,4.4400,4.5000,4.4600,24722568,111011211.0000,0.896900,SH,Up
2011-09-02,sh.601998,4.5000,4.5100,4.4200,4.4600,4.5000,12462581,55576569.0000,-0.888900,SL,Down
2011-09-05,sh.601998,4.4100,4.5900,4.3700,4.4900,4.4600,27452657,122980692.0000,0.672600,LH,Up
2011-09-06,sh.601998,4.4100,4.5300,4.4100,4.4900,4.4900,23267539,104218487.0000,0.000000,LH,Smooth
2011-09-07,sh.601998,4.5200,4.6500,4.5100,4.6400,4.4900,55843572,256475102.0000,3.340800,HH,Up
2011-09-08,sh.601998,4.6300,4.6700,4.5700,4.6100,4.6400,28054830,129624363.0000,-0.646546,LL,Down
2011-09-09,sh.601998,4.6100,4.6900,4.5900,4.6000,4.6100,29155638,135148564.0000,-0.216900,SL,Down
2011-09-13,sh.601998,4.5400,4.6600,4.5000,4.6500,4.6000,29044460,133354668.0000,1.087000,LH,Up
2011-09-14,sh.601998,4.6700,4.7200,4.5500,4.7100,4.6500,36676943,170601711.0000,1.290300,HH,Up
2011-09-15,sh.601998,4.6800,4.7300,4.6100,4.6200,4.7100,28193205,131572866.0000,-1.910800,LL,Down
2011-09-16,sh.601998,4.6400,4.7100,4.6200,4.6400,4.6200,21270291,99209917.0000,0.432900,HS,Up
2011-09-19,sh.601998,4.6000,4.6100,4.5300,4.5600,4.6400,15200503,69344584.0000,-1.724100,LL,Down
2011-09-20,sh.601998,4.5500,4.6900,4.5300,4.6400,4.5600,20664982,95410652.0000,1.754400,LH,Up
2011-09-21,sh.601998,4.6300,4.7400,4.5900,4.6900,4.6400,45812825,215076936.0000,1.077600,LH,Up
2011-09-22,sh.601998,4.6500,4.7000,4.5400,4.5500,4.6900,39169645,181364611.0000,-2.985100,LL,Down
2011-09-23,sh.601998,4.5000,4.5300,4.4200,4.5000,4.5500,29575262,132076946.0000,-1.098900,LS,Down
2011-09-26,sh.601998,4.4400,4.5700,4.3900,4.4300,4.5000,24986936,112101170.0000,-1.555600,LL,Down
2011-09-27,sh.601998,4.4600,4.4900,4.4100,4.4600,4.4300,13211807,58883035.0000,0.677200,HS,Up
2011-09-28,sh.601998,4.4800,4.5000,4.3400,4.3600,4.4600,16317606,71870981.0000,-2.242200,HL,Down
2011-09-29,sh.601998,4.3200,4.4300,4.3200,4.3600,4.3600,13969364,61081246.0000,0.000000,LH,Smooth
2011-09-30,sh.601998,4.4000,4.4300,4.2800,4.3000,4.3600,18348607,79495393.0000,-1.376100,HL,Down
2011-10-10,sh.601998,4.3200,4.3300,4.1800,4.2100,4.3000,17567841,74114230.0000,-2.093000,HL,Down
2011-10-11,sh.601998,4.3600,4.4000,4.2300,4.2700,4.2100,19089470,82484287.0000,1.425200,HL,Up
2011-10-12,sh.601998,4.2600,4.4400,4.2100,4.4100,4.2700,29473231,129363071.0000,3.278700,LH,Up
2011-10-13,sh.601998,4.3900,4.4500,4.3700,4.4100,4.4100,21037779,92801687.0000,0.000000,LH,Smooth
2011-10-14,sh.601998,4.4100,4.4100,4.3300,4.3900,4.4100,14065976,61453868.0000,-0.453500,SL,Down
2011-10-17,sh.601998,4.3900,4.4500,4.3600,4.4400,4.3900,21146751,93420831.0000,1.139000,SH,Up
2011-10-18,sh.601998,4.4000,4.4300,4.3200,4.3400,4.4400,16616078,72687461.0000,-2.252300,LL,Down
2011-10-20,sh.601998,4.3200,4.3400,4.1500,4.2500,4.3400,27683845,116850018.0000,-2.073700,LL,Down
2011-10-21,sh.601998,4.2500,4.3200,4.1800,4.2400,4.2500,20805495,88413803.0000,-0.235300,SL,Down
2011-10-24,sh.601998,4.2400,4.3800,4.2000,4.3500,4.2400,27170326,117114921.0000,2.594300,SH,Up
2011-10-25,sh.601998,4.3300,4.4100,4.3000,4.3900,4.3500,21718548,94852686.0000,0.919500,LH,Up
2011-10-26,sh.601998,4.3600,4.5000,4.3600,4.4600,4.3900,33311201,147947002.0000,1.594500,LH,Up
2011-10-27,sh.601998,4.4700,4.5000,4.4400,4.5000,4.4600,32794744,146513612.0000,0.896900,HH,Up
2011-10-28,sh.601998,4.5400,4.5800,4.4900,4.5100,4.5000,32249087,145867816.0000,0.222200,HL,Up
2011-10-31,sh.601998,4.5000,4.5200,4.4200,4.4500,4.5100,21906355,97710080.0000,-1.330400,LL,Down
2011-11-01,sh.601998,4.4100,4.5200,4.3900,4.4600,4.4500,25577178,114148597.0000,0.224700,LH,Up
2011-11-02,sh.601998,4.4100,4.5200,4.3900,4.5200,4.4600,22217854,99101660.0000,1.345300,LH,Up
2011-11-03,sh.601998,4.5300,4.5900,4.4900,4.5100,4.5200,41308419,187915060.0000,-0.221200,HL,Down
2011-11-04,sh.601998,4.5300,4.5600,4.5000,4.5500,4.5100,19675044,89146032.0000,0.886900,HH,Up
2011-11-07,sh.601998,4.5400,4.5600,4.5000,4.5100,4.5500,14050709,63660480.0000,-0.879100,LL,Down
2011-11-08,sh.601998,4.5300,4.5700,4.4900,4.5500,4.5100,23093489,104815774.0000,0.886900,HH,Up
2011-11-09,sh.601998,4.5700,4.5800,4.5200,4.5700,4.5500,15507607,70670285.0000,0.439600,HS,Up
2011-11-10,sh.601998,4.5300,4.5500,4.4700,4.4800,4.5700,16717992,75238326.0000,-1.969400,LL,Down
2011-11-11,sh.601998,4.4500,4.4700,4.3900,4.4000,4.4300,8350548,36976066.0000,-0.677200,HL,Down
2011-11-14,sh.601998,4.4400,4.4800,4.4000,4.4700,4.4000,14065161,62639773.0000,1.590900,HH,Up
2011-11-15,sh.601998,4.4600,4.4700,4.4000,4.4300,4.4700,14438026,63950667.0000,-0.894900,LL,Down
2011-11-16,sh.601998,4.4300,4.4500,4.3100,4.3300,4.4300,21880379,95475743.0000,-2.257300,SL,Down
2011-11-17,sh.601998,4.3300,4.3700,4.3100,4.3300,4.3300,13437925,58198901.0000,0.000000,SS,Smooth
2011-11-18,sh.601998,4.3200,4.3200,4.2300,4.2400,4.3300,22255049,94785955.0000,-2.078500,LL,Down
2011-11-21,sh.601998,4.2400,4.2500,4.1900,4.2100,4.2400,16358456,68870374.0000,-0.707500,SL,Down
2011-11-22,sh.601998,4.2000,4.2700,4.1900,4.2500,4.2100,14428022,60960615.0000,0.950100,LH,Up
2011-11-23,sh.601998,4.2500,4.2700,4.1900,4.2000,4.2500,11091776,46801986.0000,-1.176500,SL,Down
2011-11-24,sh.601998,4.1800,4.2400,4.1700,4.2200,4.2000,10509537,44137562.0000,0.476200,LH,Up
2011-11-25,sh.601998,4.2100,4.2100,4.1700,4.1800,4.2200,8978777,37591758.0000,-0.947900,LL,Down
2011-11-28,sh.601998,4.1900,4.2200,4.1400,4.1500,4.1800,14167251,59145618.0000,-0.717700,HL,Down
2011-11-29,sh.601998,4.1800,4.2000,4.1400,4.1900,4.1500,14780167,61613970.0000,0.963900,HH,Up
2011-11-30,sh.601998,4.1800,4.1800,4.0100,4.0400,4.1900,31484731,128449870.0000,-3.580000,LL,Down
2011-12-01,sh.601998,4.1600,4.2200,4.1000,4.1400,4.0400,57033228,237307683.0000,2.475200,HL,Up
2011-12-02,sh.601998,4.1200,4.1300,4.0600,4.1100,4.1400,18378453,75170291.0000,-0.724600,LL,Down
2011-12-05,sh.601998,4.1000,4.1400,4.0700,4.1000,4.1100,16922960,69452080.0000,-0.243300,LS,Down
2011-12-06,sh.601998,4.0900,4.1300,4.0700,4.0900,4.1000,11954085,48989523.0000,-0.243900,LS,Down
2011-12-07,sh.601998,4.0900,4.1500,4.0800,4.1400,4.0900,11895196,48955390.0000,1.222500,SH,Up
2011-12-08,sh.601998,4.1300,4.1500,4.0700,4.1200,4.1400,15883629,65242018.0000,-0.483100,LL,Down
2011-12-09,sh.601998,4.0800,4.1100,4.0700,4.0900,4.1200,8692836,35563437.0000,-0.728200,LH,Down
2011-12-12,sh.601998,4.0900,4.1000,4.0400,4.0900,4.0900,11403475,46404405.0000,0.000000,SS,Smooth
2011-12-13,sh.601998,4.0700,4.0800,4.0100,4.0300,4.0900,16020879,64911859.0000,-1.467000,LL,Down
2011-12-14,sh.601998,4.0200,4.0600,3.9900,4.0000,4.0300,11556802,46413363.0000,-0.744400,LL,Down
2011-12-15,sh.601998,3.9900,4.0000,3.9300,3.9400,4.0000,18709474,74023453.0000,-1.500000,LL,Down
2011-12-16,sh.601998,3.9400,4.0100,3.9200,4.0100,3.9400,17876261,70753563.0000,1.776600,SH,Up
2011-12-19,sh.601998,3.9700,4.0000,3.9100,3.9800,4.0100,16827893,66534755.0000,-0.748100,LH,Down
2011-12-20,sh.601998,3.9700,4.0400,3.9400,3.9900,3.9800,15374248,61583595.0000,0.251300,LH,Up
2011-12-21,sh.601998,4.0200,4.0800,3.9700,3.9800,3.9900,21681168,87521018.0000,-0.250600,HL,Down
2011-12-22,sh.601998,3.9800,4.0200,3.9400,4.0200,3.9800,14120541,56275303.0000,1.005000,SH,Up
2011-12-23,sh.601998,4.0200,4.0600,3.9900,4.0300,4.0200,15522708,62597964.0000,0.248800,SH,Up
2011-12-26,sh.601998,4.0100,4.0400,4.0000,4.0100,4.0300,7456621,29947135.0000,-0.496300,LS,Down
2011-12-27,sh.601998,4.0100,4.0200,3.9600,3.9700,4.0100,15075346,60083300.0000,-0.997500,SL,Down
2011-12-29,sh.601998,3.9800,4.0100,3.9600,3.9800,3.9700,14056999,56046458.0000,0.251900,HS,Up
2011-12-30,sh.601998,3.9800,4.0500,3.9800,4.0400,3.9800,13527269,54344999.0000,1.507500,SH,Up
2012-01-04,sh.601998,4.0400,4.0600,3.9900,3.9900,4.0400,16045029,64628316.0000,-1.237600,SL,Down
2012-01-05,sh.601998,3.9800,4.2800,3.9800,4.1000,3.9900,86350111,358083826.0000,2.756900,LH,Up
2012-01-06,sh.601998,4.1000,4.1700,4.0700,4.1500,4.1000,38384735,158257305.0000,1.219500,SH,Up
2012-01-09,sh.601998,4.1400,4.2400,4.1000,4.2100,4.1500,42295739,177221081.0000,1.445800,LH,Up
2012-01-10,sh.601998,4.2000,4.2800,4.1700,4.2700,4.2100,41350444,174713441.0000,1.425200,LH,Up
2012-01-11,sh.601998,4.2500,4.2700,4.2100,4.2200,4.2700,19292556,81703679.0000,-1.171000,LL,Down
2012-01-12,sh.601998,4.2100,4.3500,4.2000,4.2700,4.2200,31411316,134602212.0000,1.184800,LH,Up
2012-01-13,sh.601998,4.2700,4.2900,4.1800,4.2300,4.2700,20844130,88166206.0000,-0.936800,SL,Down
2012-01-16,sh.601998,4.2100,4.2700,4.1900,4.2500,4.2300,16579786,70152789.0000,0.472800,LH,Up
2012-01-17,sh.601998,4.2400,4.3900,4.2200,4.3600,4.2500,33993650,146377599.0000,2.588200,LH,Up
2012-01-18,sh.601998,4.3400,4.3600,4.2700,4.3000,4.3600,27958203,120335971.0000,-1.376100,LL,Down
2012-01-19,sh.601998,4.3000,4.3800,4.2900,4.3600,4.3000,22634791,98514603.0000,1.395300,SH,Up
2012-01-20,sh.601998,4.3800,4.4700,4.3700,4.4400,4.3600,32292923,142673778.0000,1.834900,HH,Up
2012-01-30,sh.601998,4.4500,4.4500,4.3600,4.3700,4.4400,16191909,71119667.0000,-1.576600,HL,Down
2012-01-31,sh.601998,4.3700,4.3900,4.3100,4.3600,4.3700,15125657,65744649.0000,-0.228800,SL,Down
2012-02-01,sh.601998,4.3500,4.3700,4.2800,4.2900,4.3600,13046693,56521668.0000,-1.605500,LL,Down
2012-02-02,sh.601998,4.3100,4.4000,4.2600,4.3900,4.2900,21246014,92195102.0000,2.331000,HH,Up
2012-02-03,sh.601998,4.3700,4.4500,4.3600,4.4300,4.3900,26739717,118040687.0000,0.911200,LH,Up
2012-02-06,sh.601998,4.4300,4.4700,4.4100,4.4400,4.4300,24243346,107707744.0000,0.225700,SH,Up
2012-02-07,sh.601998,4.4200,4.4400,4.3200,4.3600,4.4400,15589530,67974841.0000,-1.801800,LL,Down
2012-02-08,sh.601998,4.3400,4.5200,4.3300,4.4600,4.3600,26114105,115404008.0000,2.293600,LH,Up
2012-02-09,sh.601998,4.4600,4.5600,4.4200,4.4900,4.4600,33999737,152960748.0000,0.672600,SH,Up
2012-02-10,sh.601998,4.4800,4.5500,4.4400,4.4600,4.4900,13088419,58506655.0000,-0.668200,LL,Down
2012-02-13,sh.601998,4.4400,4.4900,4.4000,4.4600,4.4600,19825959,88068990.0000,0.000000,LH,Smooth
2012-02-14,sh.601998,4.4400,4.4600,4.3900,4.4000,4.4600,13038324,57504572.0000,-1.345300,LL,Down
2012-02-15,sh.601998,4.3900,4.4400,4.3800,4.4000,4.4000,14824579,65437357.0000,0.000000,LH,Smooth
2012-02-16,sh.601998,4.4000,4.4300,4.3700,4.4000,4.4000,13717366,60386057.0000,0.000000,SS,Smooth
2012-02-17,sh.601998,4.4300,4.4400,4.3700,4.4100,4.4000,10295720,45413414.0000,0.227300,HL,Up
2012-02-20,sh.601998,4.4600,4.4700,4.3900,4.4200,4.4100,20438044,90465234.0000,0.226800,HL,Up
2012-02-21,sh.601998,4.4200,4.4200,4.3800,4.4200,4.4200,12083192,53250456.0000,0.000000,SS,Smooth
2012-02-22,sh.601998,4.4100,4.4400,4.4000,4.4300,4.4200,33139928,146441930.0000,0.226200,LH,Up
2012-02-23,sh.601998,4.4300,4.4600,4.4200,4.4500,4.4300,31264913,138813387.0000,0.451500,SH,Up
2012-02-24,sh.601998,4.4500,4.4900,4.4100,4.4900,4.4500,44612078,198730669.0000,0.898900,SH,Up
2012-02-27,sh.601998,4.5000,4.5500,4.4800,4.4900,4.4900,44077962,199042040.0000,0.000000,HL,Smooth
2012-02-28,sh.601998,4.4900,4.6200,4.4900,4.5800,4.4900,49374436,225750829.0000,2.004500,SH,Up
2012-02-29,sh.601998,4.5600,4.5800,4.5200,4.5200,4.5800,29650177,134884980.0000,-1.310000,LL,Down
2012-03-01,sh.601998,4.5100,4.5400,4.5000,4.5300,4.5200,12515653,56647441.0000,0.221200,LH,Up
2012-03-02,sh.601998,4.5300,4.6500,4.5100,4.6300,4.5300,34601140,158987878.0000,2.207500,SH,Up
2012-03-05,sh.601998,4.6600,4.6900,4.5800,4.5800,4.6300,28374675,131058712.0000,-1.079900,HL,Down
2012-03-07,sh.601998,4.4900,4.5600,4.4700,4.5100,4.5800,23439331,105528046.0000,-1.528400,LH,Down
2012-03-08,sh.601998,4.5000,4.5600,4.4800,4.5200,4.5100,16448774,74423201.0000,0.221700,LH,Up
2012-03-09,sh.601998,4.5200,4.5500,4.4900,4.5400,4.5200,13532215,61106591.0000,0.442500,SH,Up
2012-03-12,sh.601998,4.5300,4.5300,4.4700,4.4900,4.5400,15435529,69419508.0000,-1.101300,LL,Down
2012-03-13,sh.601998,4.4900,4.5400,4.4800,4.5400,4.4900,17921312,81037330.0000,1.113600,SH,Up
2012-03-14,sh.601998,4.5500,4.6000,4.4700,4.4900,4.5400,35781602,162392846.0000,-1.101300,HL,Down
2012-03-15,sh.601998,4.4800,4.5400,4.4600,4.4800,4.4900,21767422,97866073.0000,-0.222700,LS,Down
2012-03-16,sh.601998,4.4900,4.5000,4.4200,4.4800,4.4800,16381711,73077474.0000,0.000000,HL,Smooth
2012-03-19,sh.601998,4.4600,4.5000,4.4300,4.4600,4.4800,17414453,77611912.0000,-0.446400,LS,Down
2012-03-20,sh.601998,4.4500,4.4700,4.3900,4.4000,4.4600,11186516,49512292.0000,-1.345300,LL,Down
2012-03-21,sh.601998,4.4100,4.4400,4.3800,4.4100,4.4000,7220037,31812721.0000,0.227300,HS,Up
2012-03-22,sh.601998,4.4000,4.6900,4.3800,4.5200,4.4100,36208314,164986508.0000,2.494300,LH,Up
2012-03-23,sh.601998,4.4800,4.5500,4.4200,4.4400,4.5200,24514921,109488269.0000,-1.769900,LL,Down
2012-03-26,sh.601998,4.4300,4.4900,4.4200,4.4600,4.4400,9730504,43362011.0000,0.450500,LH,Up
2012-03-27,sh.601998,4.4800,4.5000,4.4400,4.4500,4.4600,10763964,48032012.0000,-0.224200,HL,Down
2012-03-28,sh.601998,4.4400,4.4600,4.3100,4.3400,4.4500,11009756,48326960.0000,-2.471900,LL,Down
2012-03-29,sh.601998,4.3100,4.3300,4.2100,4.2200,4.3400,13661737,58348565.0000,-2.765000,LL,Down
2012-03-30,sh.601998,4.2300,4.2700,4.2200,4.2600,4.2200,9879058,41953503.0000,0.947900,HH,Up
2012-04-05,sh.601998,4.2300,4.3000,4.2000,4.2800,4.2600,17213904,73176148.0000,0.469500,LH,Up
2012-04-06,sh.601998,4.2600,4.3000,4.2400,4.2900,4.2800,11530388,49278215.0000,0.233600,LH,Up
2012-04-09,sh.601998,4.2700,4.2800,4.1800,4.1900,4.2900,16261735,68638592.0000,-2.331000,LL,Down
2012-04-10,sh.601998,4.1800,4.3200,4.1800,4.3000,4.1900,21343424,90836886.0000,2.625300,LH,Up
2012-04-11,sh.601998,4.2500,4.3100,4.2400,4.2700,4.3000,12559115,53693304.0000,-0.697700,LH,Down
2012-04-12,sh.601998,4.2800,4.4100,4.2300,4.3800,4.2700,25672523,111463012.0000,2.576100,HH,Up
2012-04-13,sh.601998,4.3600,4.4100,4.3300,4.3700,4.3800,16397506,71585441.0000,-0.228300,LH,Down
2012-04-16,sh.601998,4.3400,4.3700,4.3100,4.3400,4.3700,10952785,47499570.0000,-0.686500,LS,Down
2012-04-17,sh.601998,4.3300,4.3600,4.3200,4.3300,4.3400,11007128,47741488.0000,-0.230400,LS,Down
2012-04-18,sh.601998,4.3400,4.4700,4.3200,4.4500,4.3300,26416567,116672279.0000,2.771400,HH,Up
2012-04-19,sh.601998,4.4200,4.4600,4.4000,4.4500,4.4500,13260173,58658018.0000,0.000000,LH,Smooth
2012-04-20,sh.601998,4.4300,4.5300,4.4300,4.5100,4.4500,22106928,99338975.0000,1.348300,LH,Up
2012-04-23,sh.601998,4.4900,4.5500,4.4600,4.4700,4.5100,15995321,71875348.0000,-0.886900,LL,Down
2012-04-24,sh.601998,4.4500,4.7300,4.4400,4.5500,4.4700,73873781,339885764.0000,1.789700,LH,Up
2012-04-25,sh.601998,4.5100,4.5700,4.5100,4.5400,4.5500,30300205,137566844.0000,-0.219800,LH,Down
2012-04-26,sh.601998,4.5500,4.5900,4.5000,4.5200,4.5400,21422819,97037693.0000,-0.440500,HL,Down
2012-04-27,sh.601998,4.5300,4.5400,4.5100,4.5300,4.5200,10097937,45711720.0000,0.221200,HS,Up
2012-05-02,sh.601998,4.5700,4.6000,4.5300,4.5800,4.5300,32700413,149395417.0000,1.103800,HH,Up
2012-05-03,sh.601998,4.5800,4.5800,4.5300,4.5400,4.5800,16055217,73146270.0000,-0.873400,SL,Down
2012-05-04,sh.601998,4.5400,4.6200,4.5300,4.6000,4.5400,25696248,118025934.0000,1.321600,SH,Up
2012-05-07,sh.601998,4.5700,4.6400,4.5500,4.5900,4.6000,17986973,82775010.0000,-0.217400,LH,Down
2012-05-08,sh.601998,4.5900,4.6300,4.5400,4.6000,4.5900,23521588,107922851.0000,0.217900,SH,Up
2012-05-09,sh.601998,4.5700,4.5800,4.5000,4.5000,4.6000,10662428,48286616.0000,-2.173900,LL,Down
2012-05-10,sh.601998,4.5100,4.5200,4.4700,4.5000,4.5000,7906733,35557185.0000,0.000000,HL,Smooth
2012-05-11,sh.601998,4.4800,4.5200,4.4500,4.4600,4.5000,8800385,39410565.0000,-0.888900,LL,Down
2012-05-14,sh.601998,4.5000,4.5000,4.3900,4.4000,4.4600,17121386,75834878.0000,-1.345300,HL,Down
2012-05-15,sh.601998,4.3800,4.4100,4.3100,4.3600,4.4000,14742691,64138101.0000,-0.909100,LL,Down
2012-05-16,sh.601998,4.3500,4.3500,4.2600,4.2700,4.3600,18338147,78910214.0000,-2.064200,LL,Down
2012-05-17,sh.601998,4.2900,4.3600,4.2700,4.3200,4.2700,17114332,73707868.0000,1.171000,HH,Up
2012-05-18,sh.601998,4.3000,4.3100,4.2500,4.2700,4.3200,12400451,52973232.0000,-1.157400,LL,Down
2012-05-21,sh.601998,4.2800,4.3200,4.2600,4.2900,4.2700,8097510,34791030.0000,0.468400,HH,Up
2012-05-22,sh.601998,4.2900,4.3400,4.2900,4.3400,4.2900,8923792,38588527.0000,1.165500,SH,Up
2012-05-23,sh.601998,4.3400,4.3400,4.2800,4.2900,4.3400,13164695,56557213.0000,-1.152100,SL,Down
2012-05-24,sh.601998,4.2900,4.3200,4.2300,4.2500,4.2900,17839072,76015257.0000,-0.932400,SL,Down
2012-05-25,sh.601998,4.2500,4.2600,4.2100,4.2200,4.2500,11914055,50342298.0000,-0.705900,SL,Down
2012-05-28,sh.601998,4.2000,4.2600,4.2000,4.2500,4.2200,18349221,77755125.0000,0.710900,LH,Up
2012-05-29,sh.601998,4.2500,4.3000,4.2200,4.2900,4.2500,24132258,102940981.0000,0.941200,SH,Up
2012-05-31,sh.601998,4.2400,4.2500,4.2200,4.2400,4.2900,15830735,67074769.0000,-1.165500,LS,Down
2012-06-01,sh.601998,4.2400,4.2600,4.2200,4.2400,4.2400,13168452,55831663.0000,0.000000,SS,Smooth
2012-06-04,sh.601998,4.2100,4.2200,4.1300,4.1300,4.2400,24590436,102598401.0000,-2.594300,LL,Down
2012-06-05,sh.601998,4.1500,4.1600,4.1000,4.1300,4.1300,13419229,55400629.0000,0.000000,HL,Smooth
2012-06-06,sh.601998,4.1300,4.1600,4.1000,4.1500,4.1300,15907597,65672092.0000,0.484300,SH,Up
2012-06-07,sh.601998,4.1700,4.1800,4.0900,4.1000,4.1500,15955887,65979153.0000,-1.204800,HL,Down
2012-06-08,sh.601998,4.1200,4.1200,3.9800,3.9900,4.1000,41552265,166844577.0000,-2.682900,HL,Down
2012-06-11,sh.601998,4.0000,4.0100,3.9500,3.9700,3.9900,35042874,139427973.0000,-0.501300,HL,Down
2012-06-12,sh.601998,3.9500,3.9900,3.9300,3.9700,3.9700,19458781,76969457.0000,0.000000,LH,Smooth
2012-06-13,sh.601998,3.9700,4.0200,3.9400,4.0000,3.9700,22915812,91310895.0000,0.755700,SH,Up
2012-06-14,sh.601998,3.9900,4.0000,3.9500,3.9600,4.0000,18588983,73781367.0000,-1.000000,LL,Down
2012-06-15,sh.601998,3.9700,4.1100,3.9600,4.0700,3.9600,43592100,176021289.0000,2.777800,HH,Up
2012-06-18,sh.601998,4.0800,4.0800,4.0300,4.0500,4.0700,16613345,67327314.0000,-0.491400,HL,Down
2012-06-19,sh.601998,4.0500,4.0900,4.0300,4.0700,4.0500,10907687,44236590.0000,0.493800,SH,Up
2012-06-20,sh.601998,4.0700,4.1000,4.0500,4.0600,4.0700,15495751,63098517.0000,-0.245700,SL,Down
2012-06-21,sh.601998,4.0500,4.0600,3.9900,4.0100,4.0600,14032391,56300482.0000,-1.231500,LL,Down
2012-06-25,sh.601998,4.0100,4.0300,3.9800,3.9800,4.0100,12073195,48422410.0000,-0.748100,SL,Down
2012-06-26,sh.601998,3.9900,4.0300,3.9700,3.9900,3.9800,16378793,65411798.0000,0.251300,HS,Up
2012-06-27,sh.601998,3.9900,4.0100,3.9500,3.9700,3.9900,13674108,54382109.0000,-0.501300,SL,Down
2012-06-28,sh.601998,3.9800,3.9800,3.9300,3.9400,3.9700,14104865,55756696.0000,-0.755700,HL,Down
2012-06-29,sh.601998,3.9300,4.0100,3.9200,4.0000,3.9400,15165100,60340246.0000,1.522800,LH,Up
2012-07-02,sh.601998,4.0000,4.0100,3.9700,3.9800,4.0000,12179897,48569067.0000,-0.500000,SL,Down
2012-07-03,sh.601998,3.9900,4.0200,3.9700,3.9900,3.9800,13159755,52682344.0000,0.251300,HS,Up
2012-07-04,sh.601998,4.0000,4.0800,4.0000,4.0400,3.9900,14188130,57235197.0000,1.253100,HH,Up
2012-07-05,sh.601998,4.0200,4.0400,3.9900,4.0200,4.0400,10457736,41898630.0000,-0.495000,LS,Down
2012-07-06,sh.601998,3.9500,4.0400,3.9300,4.0200,4.0200,19671640,78163183.0000,0.000000,LH,Smooth
2012-07-09,sh.601998,3.9900,4.0100,3.8900,3.9100,4.0200,14996618,59049905.0000,-2.736300,LL,Down
2012-07-10,sh.601998,3.9200,3.9500,3.8800,3.9200,3.9100,9938603,38965536.0000,0.255800,HS,Up
2012-07-11,sh.601998,3.9200,3.9600,3.9200,3.9400,3.9200,8625802,34045295.0000,0.510200,SH,Up
2012-07-12,sh.601998,3.9300,3.9400,3.8900,3.9200,3.9400,20666132,80873125.0000,-0.507600,LL,Down
2012-07-13,sh.601998,3.9100,3.9700,3.9000,3.9400,3.9200,12047691,47523524.0000,0.510200,LH,Up
2012-07-16,sh.601998,3.9500,3.9600,3.9200,3.9500,3.9400,11538437,45488720.0000,0.253800,HS,Up
2012-07-17,sh.601998,3.9500,4.0000,3.9300,3.9900,3.9500,14673833,58214007.0000,1.012700,SH,Up
2012-07-18,sh.601998,3.9900,4.0100,3.9600,4.0000,3.9900,19581270,78052240.0000,0.250600,SH,Up
2012-07-19,sh.601998,3.8600,3.9000,3.8500,3.8700,3.8600,11382287,44101544.0000,0.259100,SH,Up
2012-07-20,sh.601998,3.8500,3.8700,3.8300,3.8500,3.8700,7702550,29616510.0000,-0.516800,LS,Down
2012-07-23,sh.601998,3.8200,3.8400,3.7900,3.8100,3.8500,9151686,34933478.0000,-1.039000,LL,Down
2012-07-24,sh.601998,3.8300,3.8300,3.7700,3.7800,3.8100,10033263,38023812.0000,-0.787400,HL,Down
2012-07-25,sh.601998,3.7900,3.8100,3.7700,3.7800,3.7800,5712559,21643541.0000,0.000000,HL,Smooth
2012-07-26,sh.601998,3.7800,3.8100,3.7700,3.8000,3.7800,8097240,30712205.0000,0.529100,SH,Up
2012-07-27,sh.601998,3.8100,3.9000,3.8000,3.8600,3.8000,14849750,57236323.0000,1.578900,HH,Up
2012-07-30,sh.601998,3.8600,3.9100,3.8400,3.8600,3.8600,13480680,52258703.0000,0.000000,SS,Smooth
2012-07-31,sh.601998,3.8700,3.9700,3.8500,3.9300,3.8600,22891196,89850929.0000,1.813500,HH,Up
2012-08-01,sh.601998,3.9300,3.9400,3.8900,3.9100,3.9300,12980363,50760426.0000,-0.508900,SL,Down
2012-08-02,sh.601998,3.9100,3.9700,3.9000,3.9600,3.9100,19109216,75365002.0000,1.278800,SH,Up
2012-08-03,sh.601998,3.9500,3.9900,3.9200,3.9400,3.9600,12138729,48009011.0000,-0.505100,LL,Down
2012-08-06,sh.601998,3.9700,4.0100,3.9400,3.9600,3.9400,15860045,63007474.0000,0.507600,HL,Up
2012-08-07,sh.601998,3.9500,3.9700,3.9200,3.9300,3.9600,11120193,43787094.0000,-0.757600,LL,Down
2012-08-08,sh.601998,3.9300,3.9800,3.9300,3.9700,3.9300,15584053,61563043.0000,1.017800,SH,Up
2012-08-09,sh.601998,3.9600,3.9700,3.9300,3.9600,3.9700,6565252,25952311.0000,-0.251900,LS,Down
2012-08-10,sh.601998,4.0000,4.0000,3.9600,3.9600,3.9600,11303897,45066026.0000,0.000000,HL,Smooth
2012-08-13,sh.601998,3.9700,3.9800,3.9400,3.9400,3.9600,7946228,31462240.0000,-0.505100,HL,Down
2012-08-14,sh.601998,3.9500,3.9800,3.9300,3.9600,3.9400,6183516,24489506.0000,0.507600,HH,Up
2012-08-15,sh.601998,3.9500,3.9700,3.8500,3.8700,3.9600,12004428,46793196.0000,-2.272700,LL,Down
2012-08-16,sh.601998,3.8700,3.8800,3.8200,3.8400,3.8700,10597179,40652798.0000,-0.775200,SL,Down
2012-08-17,sh.601998,3.8400,3.8600,3.8200,3.8600,3.8400,7080662,27202822.0000,0.520800,SH,Up
2012-08-20,sh.601998,3.8300,3.8400,3.8000,3.8300,3.8600,5434473,20753655.0000,-0.777200,LS,Down
2012-08-21,sh.601998,3.8400,3.8600,3.8100,3.8200,3.8300,10449522,40012739.0000,-0.261100,HL,Down
2012-08-22,sh.601998,3.8300,3.8300,3.8000,3.8300,3.8200,6023398,22988279.0000,0.261800,HS,Up
2012-08-23,sh.601998,3.8300,3.8900,3.8000,3.8800,3.8300,12180182,46778131.0000,1.305500,SH,Up
2012-08-24,sh.601998,3.8500,3.8600,3.8100,3.8300,3.8800,9910910,38052260.0000,-1.288700,LL,Down
2012-08-27,sh.601998,3.8100,3.8400,3.8100,3.8100,3.8300,8297287,31719878.0000,-0.522200,LS,Down
2012-08-28,sh.601998,3.8200,3.8900,3.8100,3.8600,3.8100,9252391,35646688.0000,1.312300,HH,Up
2012-08-29,sh.601998,3.8500,3.8500,3.8300,3.8300,3.8600,4250972,16327153.0000,-0.777200,LL,Down
2012-08-30,sh.601998,3.8400,3.8800,3.8300,3.8800,3.8300,9350064,36032420.0000,1.305488,HH,Up
2012-08-31,sh.601998,3.8600,3.8800,3.8300,3.8600,3.8800,7077064,27294996.0000,-0.515500,LS,Down
2012-09-03,sh.601998,3.8600,3.8600,3.8200,3.8500,3.8600,10612996,40692542.0000,-0.259100,SL,Down
2012-09-04,sh.601998,3.8500,3.8500,3.7700,3.7900,3.8500,13636149,51921007.0000,-1.558400,SL,Down
2012-09-05,sh.601998,3.7800,3.7900,3.7200,3.7500,3.7900,15873093,59468521.0000,-1.055400,LL,Down
2012-09-06,sh.601998,3.7600,3.7900,3.7200,3.7800,3.7500,10279040,38611403.0000,0.800000,HH,Up
2012-09-07,sh.601998,3.7900,3.9100,3.7700,3.8200,3.7800,40155519,154594814.0000,1.058200,HH,Up
2012-09-10,sh.601998,3.8400,3.8600,3.8100,3.8300,3.8200,18956470,72510448.0000,0.261800,HL,Up
2012-09-11,sh.601998,3.8200,3.8200,3.7700,3.8100,3.8300,13926154,52786553.0000,-0.522200,LL,Down
2012-09-12,sh.601998,3.8200,3.8300,3.7300,3.7700,3.8100,38365668,144444957.0000,-1.049900,HL,Down
2012-09-13,sh.601998,3.7600,3.7900,3.7400,3.7600,3.7700,16619224,62540449.0000,-0.265300,LS,Down
2012-09-14,sh.601998,3.7700,3.8100,3.7400,3.7900,3.7600,22973535,86786297.0000,0.797900,HH,Up
2012-09-17,sh.601998,3.7700,3.7800,3.7200,3.7400,3.7900,13452098,50419744.0000,-1.319300,LL,Down
2012-09-18,sh.601998,3.7300,3.7400,3.6800,3.6900,3.7400,12414381,45972837.0000,-1.336900,LL,Down
2012-09-19,sh.601998,3.6900,3.7100,3.6600,3.6900,3.6900,11370690,41843439.0000,0.000000,SS,Smooth
2012-09-20,sh.601998,3.6800,3.6800,3.5500,3.6000,3.6900,17993089,65104993.0000,-2.439000,LL,Down
2012-09-21,sh.601998,3.5800,3.6300,3.5600,3.5800,3.6000,10704027,38430211.0000,-0.555600,LS,Down
2012-09-24,sh.601998,3.5700,3.5900,3.5200,3.5700,3.5800,9823419,34928125.0000,-0.279300,LS,Down
2012-09-25,sh.601998,3.5600,3.5700,3.5400,3.5600,3.5700,4658524,16564166.0000,-0.280100,LS,Down
2012-09-26,sh.601998,3.5700,3.5700,3.4900,3.5200,3.5600,10835139,38176197.0000,-1.123600,HL,Down
2012-09-27,sh.601998,3.5200,3.6300,3.4900,3.6000,3.5200,18392479,65542326.0000,2.272700,SH,Up
2012-09-28,sh.601998,3.5700,3.6600,3.5500,3.6500,3.6000,20713394,75057253.0000,1.388900,LH,Up
2012-10-08,sh.601998,3.6600,3.6800,3.6000,3.6300,3.6500,8046743,29304020.0000,-0.547900,HL,Down
2012-10-09,sh.601998,3.6400,3.7300,3.6300,3.7100,3.6300,14673429,54244486.0000,2.203900,HH,Up
2012-10-10,sh.601998,3.7000,3.7100,3.6700,3.6900,3.7100,7097010,26203930.0000,-0.539100,LL,Down
2012-10-11,sh.601998,3.6800,3.7000,3.6600,3.6800,3.6900,6946015,25589679.0000,-0.271000,LS,Down
2012-10-12,sh.601998,3.6900,3.7300,3.6700,3.7000,3.6800,9752334,36119420.0000,0.543500,HH,Up
2012-10-15,sh.601998,3.7000,3.7100,3.6600,3.6800,3.7000,5850883,21573769.0000,-0.540500,SL,Down
2012-10-16,sh.601998,3.6800,3.7400,3.6700,3.7000,3.6800,11264008,41747204.0000,0.543500,SH,Up
2012-10-17,sh.601998,3.7100,3.7500,3.6900,3.7100,3.7000,17417712,64722966.0000,0.270300,HS,Up
2012-10-18,sh.601998,3.7300,3.7500,3.7000,3.7400,3.7100,12791595,47764246.0000,0.808600,HH,Up
2012-10-19,sh.601998,3.7400,3.7500,3.7200,3.7400,3.7400,11296961,42152457.0000,0.000000,SS,Smooth
2012-10-22,sh.601998,3.7200,3.7600,3.7100,3.7500,3.7400,12922806,48361873.0000,0.267400,LH,Up
2012-10-23,sh.601998,3.7500,3.7500,3.6900,3.7000,3.7500,10022142,37247565.0000,-1.333300,SL,Down
2012-10-24,sh.601998,3.6900,3.7200,3.6800,3.7000,3.7000,11503798,42543265.0000,0.000000,LH,Smooth
2012-10-25,sh.601998,3.6900,3.7300,3.6700,3.6900,3.7000,10628786,39304955.0000,-0.270300,LS,Down
2012-10-26,sh.601998,3.6800,3.6900,3.5600,3.5800,3.6900,22657202,81806236.0000,-2.981000,LL,Down
2012-10-29,sh.601998,3.5700,3.5900,3.5700,3.5800,3.5800,6462553,23124183.0000,0.000000,LH,Smooth
2012-10-30,sh.601998,3.5600,3.6100,3.5500,3.5900,3.5800,10109522,36100959.0000,0.279300,LH,Up
2012-10-31,sh.601998,3.5800,3.5900,3.5400,3.5800,3.5900,13538352,48229960.0000,-0.278600,LS,Down
2012-11-01,sh.601998,3.5700,3.6600,3.5600,3.6400,3.5800,23554068,85351890.0000,1.676000,LH,Up
2012-11-02,sh.601998,3.6400,3.6900,3.6300,3.6800,3.6400,21196119,77526571.0000,1.098900,SH,Up
2012-11-05,sh.601998,3.6800,3.7100,3.6400,3.6800,3.6800,14767762,54212296.0000,0.000000,SS,Smooth
2012-11-06,sh.601998,3.6800,3.6800,3.6100,3.6500,3.6800,11787903,42878779.0000,-0.815200,SL,Down
2012-11-07,sh.601998,3.6500,3.6700,3.6000,3.6600,3.6500,11890695,43294279.0000,0.274000,SH,Up
2012-11-08,sh.601998,3.6300,3.6400,3.5900,3.5900,3.6600,11335114,40904542.0000,-1.912600,LL,Down
2012-11-09,sh.601998,3.5800,3.6200,3.5800,3.5800,3.5900,5764717,20736429.0000,-0.278600,LS,Down
2012-11-12,sh.601998,3.6100,3.6600,3.5900,3.6500,3.5800,12373890,44983911.0000,1.955300,HH,Up
2012-11-13,sh.601998,3.6600,3.6600,3.5800,3.6200,3.6500,11806381,42703877.0000,-0.821900,HL,Down
2012-11-14,sh.601998,3.6200,3.6400,3.5800,3.6200,3.6200,11212679,40442454.0000,0.000000,SS,Smooth
2012-11-15,sh.601998,3.6000,3.6400,3.5500,3.5700,3.6200,11987578,43198918.0000,-1.381200,LL,Down
2012-11-16,sh.601998,3.5600,3.5900,3.5400,3.5500,3.5700,12329908,43942180.0000,-0.560200,LL,Down
2012-11-19,sh.601998,3.5600,3.5800,3.5400,3.5600,3.5500,7853930,28000444.0000,0.281700,HS,Up
2012-11-20,sh.601998,3.5700,3.6000,3.5700,3.5800,3.5600,4566378,16354806.0000,0.561800,HH,Up
2012-11-21,sh.601998,3.5700,3.6500,3.5600,3.6400,3.5800,11691754,42323723.0000,1.676000,LH,Up
2012-11-22,sh.601998,3.6300,3.6500,3.6100,3.6300,3.6400,4926988,17888919.0000,-0.274700,LS,Down
2012-11-23,sh.601998,3.6400,3.7200,3.6300,3.6600,3.6300,12867043,47318516.0000,0.826400,HH,Up
2012-11-26,sh.601998,3.6600,3.6600,3.6000,3.6300,3.6600,6602426,23957085.0000,-0.819700,SL,Down
2012-11-27,sh.601998,3.6200,3.6300,3.6000,3.6000,3.6300,7906069,28546390.0000,-0.826400,LL,Down
2012-11-28,sh.601998,3.6000,3.6000,3.5800,3.5900,3.6000,6956843,24983429.0000,-0.277800,SL,Down
2012-11-29,sh.601998,3.6000,3.6100,3.5800,3.5900,3.5900,7155930,25691404.0000,0.000000,HL,Smooth
2012-11-30,sh.601998,3.5900,3.6600,3.5800,3.6300,3.5900,11232951,40539692.0000,1.114200,SH,Up
2012-12-03,sh.601998,3.6300,3.6700,3.5800,3.6000,3.6300,8121371,29379607.0000,-0.826400,SL,Down
2012-12-04,sh.601998,3.6000,3.6700,3.5800,3.6600,3.6000,14118632,51361865.0000,1.666700,SH,Up
2012-12-05,sh.601998,3.6500,3.7900,3.6400,3.7600,3.6600,45325615,169996448.0000,2.732200,LH,Up
2012-12-06,sh.601998,3.7400,3.8200,3.7300,3.7700,3.7600,24501309,92370014.0000,0.266000,LH,Up
2012-12-07,sh.601998,3.7800,3.8600,3.7300,3.8400,3.7700,41574934,158708128.0000,1.856800,HH,Up
2012-12-10,sh.601998,3.8500,3.9200,3.8400,3.8700,3.8400,40455378,156814292.0000,0.781200,HH,Up
2012-12-11,sh.601998,3.8600,3.8800,3.8300,3.8400,3.8700,19090033,73668084.0000,-0.775200,LL,Down
2012-12-12,sh.601998,3.8500,3.9500,3.8300,3.8600,3.8400,26736766,103821765.0000,0.520800,HH,Up
2012-12-13,sh.601998,3.8600,3.8600,3.7900,3.8100,3.8600,19659528,75091732.0000,-1.295300,SL,Down
2012-12-14,sh.601998,3.8100,4.1000,3.8000,4.0700,3.8100,72191355,288767562.0000,6.824100,SH,Up
2012-12-17,sh.601998,4.0800,4.1800,4.0700,4.1400,4.0700,76450411,316646992.0000,1.719900,HH,Up
2012-12-18,sh.601998,4.1200,4.1900,4.1000,4.1500,4.1400,49670219,206232723.0000,0.241500,LH,Up
2012-12-19,sh.601998,4.1400,4.1700,4.0900,4.1300,4.1500,24172579,99920352.0000,-0.481900,LL,Down
2012-12-20,sh.601998,4.1000,4.1200,4.0200,4.1000,4.1300,21837143,88880866.0000,-0.726400,LS,Down
2012-12-21,sh.601998,4.0900,4.1000,4.0000,4.0100,4.1000,30979978,125138941.0000,-2.195100,LL,Down
2012-12-24,sh.601998,4.0200,4.0900,4.0100,4.0400,4.0100,21570490,87468971.0000,0.748100,HH,Up
2012-12-25,sh.601998,4.0300,4.2200,4.0100,4.1800,4.0400,44125288,183767353.0000,3.465300,LH,Up
2012-12-26,sh.601998,4.1700,4.2000,4.1200,4.1600,4.1800,21193270,88029413.0000,-0.478500,LL,Down
2012-12-27,sh.601998,4.1700,4.2000,4.1200,4.1300,4.1600,18561385,76995955.0000,-0.721200,HL,Down
2012-12-28,sh.601998,4.1300,4.2100,4.1200,4.1900,4.1300,21976013,91765090.0000,1.452800,SH,Up
2012-12-31,sh.601998,4.1900,4.3100,4.1800,4.2900,4.1900,40536670,173332961.0000,2.386600,SH,Up
2013-01-04,sh.601998,4.3500,4.3900,4.2900,4.3200,4.2900,39507987,171127976.0000,0.699300,HL,Up
2013-01-07,sh.601998,4.3400,4.3800,4.3100,4.3700,4.3200,29201436,126997866.0000,1.157400,HH,Up
2013-01-08,sh.601998,4.3700,4.3800,4.2400,4.2600,4.3700,26279405,112651854.0000,-2.517200,SL,Down
2013-01-09,sh.601998,4.2600,4.2900,4.2000,4.2300,4.2600,19863330,84060978.0000,-0.704200,SL,Down
2013-01-10,sh.601998,4.2100,4.2900,4.2000,4.2300,4.2300,16703189,70919882.0000,0.000000,LH,Smooth
2013-01-11,sh.601998,4.2500,4.2600,4.0700,4.0900,4.2300,36691290,152326250.0000,-3.309700,HL,Down
2013-01-14,sh.601998,4.0900,4.2800,4.0900,4.2700,4.0900,30640844,128917083.0000,4.401000,SH,Up
2013-01-15,sh.601998,4.2800,4.3400,4.2500,4.3100,4.2700,32385923,139330930.0000,0.936800,HH,Up
2013-01-16,sh.601998,4.3000,4.3200,4.1700,4.2800,4.3100,30403058,129257619.0000,-0.696100,LL,Down
2013-01-17,sh.601998,4.2600,4.2800,4.1800,4.2400,4.2800,15672044,66169067.0000,-0.934600,LL,Down
2013-01-18,sh.601998,4.2800,4.4500,4.2700,4.4200,4.2400,60114021,263184030.0000,4.245300,HH,Up
2013-01-21,sh.601998,4.4000,4.5800,4.3700,4.5400,4.4200,51334884,229995291.0000,2.714900,LH,Up
2013-01-22,sh.601998,4.5300,4.8400,4.4700,4.6800,4.5400,94370426,445081088.0000,3.083700,LH,Up
2013-01-23,sh.601998,4.6400,4.8900,4.6200,4.8000,4.6800,67161770,321167457.0000,2.564100,LH,Up
2013-01-24,sh.601998,4.7600,5.0500,4.7500,4.8400,4.8000,71164840,349798139.0000,0.833300,LH,Up
2013-01-25,sh.601998,4.8400,4.8600,4.7700,4.8500,4.8400,26446700,127118184.0000,0.206600,SH,Up
2013-01-28,sh.601998,4.8400,5.0500,4.8300,5.0300,4.8500,51766918,257898152.0000,3.711300,LH,Up
2013-01-29,sh.601998,5.0500,5.1400,4.9900,5.0800,5.0300,54401644,275049134.0000,0.994000,HH,Up
2013-01-30,sh.601998,5.0800,5.0800,4.9800,5.0400,5.0800,30426793,153038968.0000,-0.787400,SL,Down
2013-01-31,sh.601998,5.0400,5.0500,4.9600,5.0300,5.0400,27755828,138727070.0000,-0.198400,SL,Down
2013-02-01,sh.601998,5.0100,5.2700,4.9700,5.2400,5.0300,47810699,244972612.0000,4.175000,LH,Up
2013-02-04,sh.601998,5.2600,5.3600,5.1600,5.1900,5.2400,65326785,342957076.0000,-0.954200,HL,Down
2013-02-05,sh.601998,5.1200,5.1400,4.9800,5.0500,5.1900,57724863,291167399.0000,-2.697500,LL,Down
2013-02-06,sh.601998,5.0300,5.1400,5.0100,5.0800,5.0500,36095473,182674276.0000,0.594100,LH,Up
2013-02-07,sh.601998,5.0700,5.0800,4.7700,4.9200,5.0800,73324917,361538123.0000,-3.149600,LL,Down
2013-02-08,sh.601998,4.9000,4.9400,4.8100,4.9200,4.9200,41770820,204105881.0000,0.000000,LH,Smooth
2013-02-18,sh.601998,4.9500,4.9700,4.8700,4.8800,4.9200,23522799,115230908.0000,-0.813000,HL,Down
2013-02-19,sh.601998,4.8800,4.8900,4.7900,4.8100,4.8800,23191919,112184702.0000,-1.434400,SL,Down
2013-02-20,sh.601998,4.8100,4.8300,4.6600,4.7400,4.8100,43506408,204766988.0000,-1.455300,SL,Down
2013-02-21,sh.601998,4.7000,4.7000,4.4900,4.5500,4.7400,57548883,264578922.0000,-4.008400,LL,Down
2013-02-22,sh.601998,4.5500,4.5800,4.5000,4.5300,4.5500,20274607,92154412.0000,-0.439600,SL,Down
2013-02-25,sh.601998,4.5500,4.6500,4.5400,4.6300,4.5300,21041375,96617795.0000,2.207500,HH,Up
2013-02-26,sh.601998,4.6000,4.7500,4.5600,4.6200,4.6300,41013930,192197382.0000,-0.216000,LH,Down
2013-02-27,sh.601998,4.6200,4.7100,4.5900,4.6100,4.6200,22274408,103167241.0000,-0.216500,SL,Down
2013-02-28,sh.601998,4.6500,4.7600,4.6100,4.7500,4.6100,34929834,164437081.0000,3.036900,HH,Up
2013-03-01,sh.601998,4.7700,4.8000,4.6400,4.7200,4.7500,31092376,146841012.0000,-0.631600,HL,Down
2013-03-04,sh.601998,4.6000,4.6200,4.4000,4.4500,4.7200,42697543,192485865.0000,-5.720300,LL,Down
2013-03-05,sh.601998,4.4500,4.7100,4.4000,4.6800,4.4500,36055241,164596930.0000,5.168500,SH,Up
2013-03-06,sh.601998,4.7000,4.7400,4.6000,4.6800,4.6800,30199897,140840688.0000,0.000000,HL,Smooth
2013-03-07,sh.601998,4.6400,4.7000,4.5100,4.5500,4.6800,40868366,187554494.0000,-2.777800,LL,Down
2013-03-08,sh.601998,4.5600,4.5900,4.4900,4.5500,4.5500,23382476,106182138.0000,0.000000,HL,Smooth
2013-03-11,sh.601998,4.5500,4.5800,4.4800,4.5500,4.5500,18460592,83796122.0000,0.000000,SS,Smooth
2013-03-12,sh.601998,4.5400,4.5900,4.4100,4.4900,4.5500,27583735,123905748.0000,-1.318700,LL,Down
2013-03-13,sh.601998,4.4900,4.5000,4.4200,4.4400,4.4900,11041235,49249557.0000,-1.113600,SL,Down
2013-03-14,sh.601998,4.4200,4.5300,4.4100,4.4700,4.4400,16947275,76069902.0000,0.675700,LH,Up
2013-03-15,sh.601998,4.5000,4.6400,4.4400,4.5800,4.4700,30875261,141106334.0000,2.460900,HH,Up
2013-03-18,sh.601998,4.5700,4.6200,4.5100,4.5400,4.5800,22749681,103817752.0000,-0.873400,LL,Down
2013-03-19,sh.601998,4.5800,4.7000,4.5600,4.6900,4.5400,39900995,185308368.0000,3.304000,HH,Up
2013-03-20,sh.601998,4.7700,5.1600,4.7700,5.1600,4.6900,138266931,701914240.0000,10.021300,HH,Up
2013-03-21,sh.601998,5.3500,5.4800,5.2300,5.4000,5.1600,239136608,1279991552.0000,4.651200,HH,Up
2013-03-22,sh.601998,5.3600,5.4300,5.2800,5.3500,5.4000,146839378,784223616.0000,-0.925900,LL,Down
2013-03-25,sh.601998,5.3600,5.4100,5.2300,5.3100,5.3500,111583492,593549696.0000,-0.747700,HL,Down
2013-03-26,sh.601998,5.2600,5.3400,5.1500,5.2700,5.3100,90882839,475023808.0000,-0.753300,LH,Down
2013-03-27,sh.601998,5.2400,5.4100,5.2100,5.2700,5.2700,99355096,529106208.0000,0.000000,LH,Smooth
2013-03-28,sh.601998,4.7400,4.9900,4.7400,4.7900,5.2700,151947329,735114560.0000,-9.108200,LH,Down
2013-03-29,sh.601998,4.6800,4.7400,4.5800,4.6700,4.7900,108631651,506567488.0000,-2.505200,LL,Down
2013-04-01,sh.601998,4.6800,4.6900,4.5400,4.6000,4.6700,63087612,290623264.0000,-1.498900,HL,Down
2013-04-02,sh.601998,4.6000,4.6400,4.4300,4.4800,4.6000,65685799,296851456.0000,-2.608700,SL,Down
2013-04-03,sh.601998,4.4800,4.5200,4.3000,4.3700,4.4800,63815792,281673472.0000,-2.455400,SL,Down
2013-04-08,sh.601998,4.2500,4.3100,4.2100,4.2900,4.3700,50565555,215022464.0000,-1.830700,LH,Down
2013-04-09,sh.601998,4.3000,4.3600,4.2900,4.3100,4.2900,46419659,200622896.0000,0.466200,HH,Up
2013-04-10,sh.601998,4.2900,4.3700,4.2600,4.2900,4.3100,33786785,145908096.0000,-0.464000,LS,Down
2013-04-11,sh.601998,4.3300,4.3800,4.2800,4.3200,4.2900,37247680,161004720.0000,0.699300,HL,Up
2013-04-12,sh.601998,4.3300,4.3300,4.2700,4.2800,4.3200,23765985,102182200.0000,-0.925925,HL,Down
2013-04-15,sh.601998,4.2900,4.3100,4.2300,4.2500,4.2800,22947018,97677584.0000,-0.700900,HL,Down
2013-04-16,sh.601998,4.2400,4.3000,4.1500,4.2900,4.2500,29910717,126392256.0000,0.941176,LH,Up
2013-04-17,sh.601998,4.2900,4.2900,4.2000,4.2500,4.2900,19598322,83038376.0000,-0.932400,SL,Down
2013-04-18,sh.601998,4.2200,4.3000,4.1800,4.3000,4.2500,24558216,104257648.0000,1.176500,LH,Up
2013-04-19,sh.601998,4.2900,4.5200,4.2700,4.4700,4.3000,71475684,315585984.0000,3.953479,LH,Up
2013-04-22,sh.601998,4.4300,4.4500,4.3700,4.4100,4.4700,42969712,189396000.0000,-1.342300,LL,Down
2013-04-23,sh.601998,4.4100,4.4100,4.2300,4.2400,4.4100,36193745,155276720.0000,-3.854900,SL,Down
2013-04-24,sh.601998,4.2600,4.3700,4.2100,4.3300,4.2400,33092785,142216928.0000,2.122600,HH,Up
2013-04-25,sh.601998,4.3000,4.3800,4.2300,4.3000,4.3300,28297042,121916112.0000,-0.692800,LS,Down
2013-04-26,sh.601998,4.3300,4.3500,4.2500,4.2700,4.3000,20002122,85898528.0000,-0.697679,HL,Down
2013-05-02,sh.601998,4.2500,4.2800,4.2100,4.2300,4.2700,20408779,86635272.0000,-0.936800,LL,Down
2013-05-03,sh.601998,4.2500,4.3700,4.2300,4.3000,4.2300,38963367,168234592.0000,1.654850,HH,Up
2013-05-06,sh.601998,4.3100,4.4500,4.3000,4.4200,4.3000,36520389,160630640.0000,2.790700,HH,Up
2013-05-07,sh.601998,4.4000,4.4000,4.3400,4.3800,4.4200,21976830,96004528.0000,-0.905000,LL,Down
2013-05-08,sh.601998,4.4000,4.4500,4.3600,4.4000,4.3800,21782668,96056928.0000,0.456600,HS,Up
2013-05-09,sh.601998,4.4100,4.4300,4.3300,4.3600,4.4000,16957731,73999840.0000,-0.909100,HL,Down
2013-05-10,sh.601998,4.3500,4.4500,4.3200,4.4000,4.3600,18768020,82446528.0000,0.917400,LH,Up
2013-05-13,sh.601998,4.3900,4.4100,4.3600,4.3800,4.4000,16084177,70475608.0000,-0.454500,LL,Down
2013-05-14,sh.601998,4.3800,4.3900,4.3100,4.3300,4.3800,14486179,62751200.0000,-1.141600,SL,Down
2013-05-15,sh.601998,4.3400,4.3600,4.2900,4.3100,4.3300,12501015,53943372.0000,-0.461900,HL,Down
2013-05-16,sh.601998,4.3000,4.4000,4.2700,4.3900,4.3100,31419755,136660160.0000,1.856100,LH,Up
2013-05-17,sh.601998,4.4000,4.4600,4.3700,4.4300,4.3900,38232712,168922656.0000,0.911200,HH,Up
2013-05-20,sh.601998,4.4400,4.5400,4.4300,4.4800,4.4300,36556301,164095376.0000,1.128700,HH,Up
2013-05-21,sh.601998,4.4800,4.4800,4.4200,4.4500,4.4800,20707578,92059120.0000,-0.669647,SL,Down
2013-05-22,sh.601998,4.4500,4.5000,4.4400,4.4900,4.4500,21409781,95682192.0000,0.898900,SH,Up
2013-05-23,sh.601998,4.4800,4.4800,4.3700,4.3800,4.4900,36252828,160058624.0000,-2.449900,LL,Down
2013-05-24,sh.601998,4.3900,4.4300,4.3600,4.3900,4.3800,17854656,78299888.0000,0.228300,HS,Up
2013-05-27,sh.601998,4.4000,4.4000,4.3500,4.3700,4.3900,19507643,85275096.0000,-0.455600,HL,Down
2013-05-28,sh.601998,4.3700,4.4500,4.3400,4.4500,4.3700,31102790,136814144.0000,1.830700,SH,Up
2013-05-29,sh.601998,4.4500,4.4700,4.4000,4.4300,4.4500,25977451,115337336.0000,-0.449400,SL,Down
2013-05-30,sh.601998,4.4100,4.4400,4.3600,4.3800,4.4300,30072003,131934040.0000,-1.128700,LL,Down
2013-05-31,sh.601998,4.3900,4.4100,4.3600,4.3600,4.3800,16493369,72161992.0000,-0.456621,HL,Down
2013-06-03,sh.601998,4.3600,4.3700,4.3300,4.3600,4.3600,20630434,89761888.0000,0.000000,SS,Smooth
2013-06-04,sh.601998,4.3400,4.3700,4.2800,4.3100,4.3600,20484853,88396816.0000,-1.146800,LL,Down
2013-06-05,sh.601998,4.3000,4.3100,4.2700,4.2800,4.3100,10950296,46943816.0000,-0.696100,LL,Down
2013-06-06,sh.601998,4.2800,4.2800,4.1900,4.2100,4.2800,26177145,110725128.0000,-1.635500,SL,Down
2013-06-07,sh.601998,4.2100,4.2400,4.0800,4.1000,4.2100,29094638,120399208.0000,-2.612800,SL,Down
2013-06-13,sh.601998,4.1000,4.1000,3.8700,3.9400,4.1000,33781114,133665376.0000,-3.902400,SL,Down
2013-06-14,sh.601998,3.9600,3.9900,3.9200,3.9500,3.9400,15330338,60460792.0000,0.253800,HL,Up
2013-06-17,sh.601998,3.9700,4.0400,3.9500,3.9600,3.9500,13112263,52212688.0000,0.253200,HL,Up
2013-06-18,sh.601998,3.9900,4.0000,3.9600,3.9900,3.9600,9681642,38588928.0000,0.757600,HS,Up
2013-06-19,sh.601998,3.9800,3.9800,3.8800,3.9200,3.9900,16784964,65661864.0000,-1.754400,LL,Down
2013-06-20,sh.601998,3.9000,3.9100,3.7600,3.7600,3.9200,20676275,79133000.0000,-4.081600,LL,Down
2013-06-21,sh.601998,3.7100,3.8100,3.6600,3.7700,3.7600,18686688,70039072.0000,0.266000,LH,Up
2013-06-24,sh.601998,3.7600,3.7600,3.5400,3.5800,3.7700,32246520,116837648.0000,-5.039800,LL,Down
2013-06-25,sh.601998,3.5500,3.6000,3.4100,3.5600,3.5800,49456611,173097936.0000,-0.558700,LH,Down
2013-06-26,sh.601998,3.5900,3.6200,3.4700,3.5000,3.5600,35042956,123349176.0000,-1.685400,HL,Down
2013-06-27,sh.601998,3.5300,3.6200,3.5200,3.5700,3.5000,27556966,98354784.0000,2.000000,HH,Up
2013-06-28,sh.601998,3.5500,3.7800,3.5400,3.7100,3.5700,31093451,114124384.0000,3.921600,LH,Up
2013-07-01,sh.601998,3.7100,3.7500,3.6700,3.7000,3.7100,18714356,69522744.0000,-0.269500,SL,Down
2013-07-02,sh.601998,3.7100,3.7400,3.6400,3.6900,3.7000,17887912,66025304.0000,-0.270300,HL,Down
2013-07-03,sh.601998,3.6800,3.6800,3.5600,3.6100,3.6900,18658691,67200360.0000,-2.168000,LL,Down
2013-07-04,sh.601998,3.5900,3.6700,3.5500,3.6200,3.6100,16010710,57862964.0000,0.277000,LH,Up
2013-07-05,sh.601998,3.6400,3.6600,3.6200,3.6300,3.6200,12357768,44985120.0000,0.276200,HL,Up
2013-07-08,sh.601998,3.6000,3.6000,3.5200,3.5600,3.6300,14247206,50697484.0000,-1.928400,LL,Down
2013-07-09,sh.601998,3.5500,3.5800,3.5500,3.5600,3.5600,8801521,31353742.0000,0.000000,LH,Smooth
2013-07-10,sh.601998,3.5500,3.6400,3.5500,3.6400,3.5600,15067767,54204096.0000,2.247200,LH,Up
2013-07-11,sh.601998,3.6400,3.9500,3.6400,3.8400,3.6400,59740572,228448336.0000,5.494500,SH,Up
2013-07-12,sh.601998,3.8500,3.8600,3.7400,3.7500,3.8400,31370384,119107136.0000,-2.343800,HL,Down
2013-07-15,sh.601998,3.8100,4.0700,3.7100,3.9100,3.7500,51898025,202572048.0000,4.266700,HH,Up
2013-07-16,sh.601998,3.9000,3.9100,3.8300,3.9100,3.9100,25883751,100018264.0000,0.000000,LH,Smooth
2013-07-17,sh.601998,3.8900,3.9200,3.8000,3.8200,3.9100,33981781,130874192.0000,-2.301800,LL,Down
2013-07-18,sh.601998,3.6700,3.6900,3.5800,3.6300,3.6700,23876383,86736112.0000,-1.089900,SL,Down
2013-07-19,sh.601998,3.6500,3.6900,3.5500,3.5600,3.6300,19615458,70887480.0000,-1.928400,HL,Down
2013-07-22,sh.601998,3.5200,3.5300,3.4400,3.5000,3.5600,32935470,115041536.0000,-1.685400,LL,Down
2013-07-23,sh.601998,3.5100,3.6300,3.4900,3.6000,3.5000,29551132,105682952.0000,2.857100,HH,Up
2013-07-24,sh.601998,3.5700,3.5900,3.4800,3.5300,3.6000,23050683,81507232.0000,-1.944400,LL,Down
2013-07-25,sh.601998,3.5500,3.5700,3.5000,3.5200,3.5300,19481103,68740960.0000,-0.283300,HL,Down
2013-07-26,sh.601998,3.5000,3.5300,3.4600,3.4800,3.5200,19735499,68841392.0000,-1.136400,LL,Down
2013-07-29,sh.601998,3.4600,3.4800,3.3900,3.4100,3.4800,25509919,87278272.0000,-2.011500,LL,Down
2013-07-30,sh.601998,3.4200,3.5000,3.4200,3.4700,3.4100,22336693,77250064.0000,1.759500,HH,Up
2013-07-31,sh.601998,3.4800,3.5200,3.4500,3.4600,3.4700,15423733,53715956.0000,-0.288200,HL,Down
2013-08-01,sh.601998,3.4700,3.5400,3.4700,3.5200,3.4600,17102983,59859636.0000,1.734100,HH,Up
2013-08-02,sh.601998,3.5400,3.5400,3.4700,3.4900,3.5200,28699358,100453528.0000,-0.852300,HL,Down
2013-08-05,sh.601998,3.4900,3.5200,3.4700,3.5100,3.4900,18894889,66092272.0000,0.573100,SH,Up
2013-08-06,sh.601998,3.5000,3.5200,3.4400,3.5000,3.5100,27910317,96986808.0000,-0.284900,LS,Down
2013-08-07,sh.601998,3.4900,3.5300,3.4800,3.5000,3.5000,22362934,78470992.0000,0.000000,LH,Smooth
2013-08-08,sh.601998,3.5000,3.5300,3.4700,3.4900,3.5000,15186997,53154272.0000,-0.285700,SL,Down
2013-08-09,sh.601998,3.5000,3.5200,3.4400,3.5000,3.4900,18329763,63802244.0000,0.286500,HS,Up
2013-08-12,sh.601998,3.5000,3.5900,3.4900,3.5800,3.5000,45746693,162644576.0000,2.285700,SH,Up
2013-08-13,sh.601998,3.5800,3.6100,3.5600,3.6100,3.5800,33557045,120220200.0000,0.838000,SH,Up
2013-08-14,sh.601998,3.6000,3.6700,3.5800,3.6100,3.6100,40975823,148781664.0000,0.000000,LH,Smooth
2013-08-15,sh.601998,3.6100,3.6300,3.5800,3.5800,3.6100,23167296,83521712.0000,-0.831000,SL,Down
2013-08-16,sh.601998,3.5700,3.9400,3.5400,3.6100,3.5800,69335942,255211344.0000,0.838000,LH,Up
2013-08-19,sh.601998,3.5900,3.6800,3.5500,3.6500,3.6100,28149853,101630016.0000,1.108000,LH,Up
2013-08-20,sh.601998,3.6300,3.7200,3.6100,3.6200,3.6500,28638774,104672288.0000,-0.821900,LL,Down
2013-08-21,sh.601998,3.6300,3.6400,3.5700,3.6000,3.6200,17910136,64325784.0000,-0.552500,HL,Down
2013-08-22,sh.601998,3.5900,3.6600,3.5700,3.5900,3.6000,24550993,88715328.0000,-0.277800,LS,Down
2013-08-23,sh.601998,3.6100,3.6300,3.5200,3.6000,3.5900,34010758,121802232.0000,0.278600,HL,Up
2013-08-26,sh.601998,3.6000,3.6400,3.5700,3.6300,3.6000,31213846,112830768.0000,0.833300,SH,Up
2013-08-27,sh.601998,3.6300,3.6400,3.5700,3.6000,3.6300,35750833,128608024.0000,-0.826400,SL,Down
2013-08-28,sh.601998,3.5700,3.6200,3.5500,3.6000,3.6000,32276497,115767872.0000,0.000000,LH,Smooth
2013-08-29,sh.601998,3.6100,3.6300,3.5800,3.5900,3.6000,21506975,77364808.0000,-0.277800,HL,Down
2013-08-30,sh.601998,3.5900,3.6100,3.5700,3.5900,3.5900,36955218,132547424.0000,0.000000,SS,Smooth
2013-09-02,sh.601998,3.6000,3.6100,3.5700,3.6000,3.5900,26680628,95829360.0000,0.278600,HS,Up
2013-09-03,sh.601998,3.6000,3.6600,3.5900,3.6600,3.6000,37921499,137799520.0000,1.666700,SH,Up
2013-09-04,sh.601998,3.6400,3.7200,3.6300,3.7100,3.6600,56222446,206433488.0000,1.366100,LH,Up
2013-09-05,sh.601998,3.7000,3.7400,3.6800,3.7400,3.7100,38939456,144245888.0000,0.808600,LH,Up
2013-09-06,sh.601998,3.7200,3.8100,3.7000,3.7900,3.7400,52097834,196216272.0000,1.336900,LH,Up
2013-09-09,sh.601998,3.8100,4.1600,3.8100,4.1000,3.7900,149043522,601579648.0000,8.179400,HH,Up
2013-09-10,sh.601998,4.0800,4.1000,3.9800,4.0600,4.1000,58360994,235389296.0000,-0.975600,LL,Down
2013-09-11,sh.601998,4.0800,4.1200,4.0400,4.0600,4.0600,40244797,164105136.0000,0.000000,HL,Smooth
2013-09-12,sh.601998,4.0600,4.3000,4.0200,4.1600,4.0600,100206738,419388864.0000,2.463100,SH,Up
2013-09-13,sh.601998,4.1500,4.1800,4.0500,4.0800,4.1600,52428623,215531675.0000,-1.923100,LL,Down
2013-09-16,sh.601998,4.1200,4.1300,4.0200,4.0600,4.0800,29061225,118329777.0000,-0.490200,HL,Down
2013-09-17,sh.601998,4.0700,4.0800,3.8900,3.9100,4.0600,39019835,155488855.0000,-3.694600,HL,Down
2013-09-18,sh.601998,3.9100,3.9700,3.8500,3.9300,3.9100,24580081,96248257.0000,0.511500,SH,Up
2013-09-23,sh.601998,3.9400,3.9800,3.8900,3.9600,3.9300,26039339,102580497.0000,0.763400,HH,Up
2013-09-24,sh.601998,3.9400,3.9500,3.8200,3.8900,3.9600,30279880,117290794.0000,-1.767700,LL,Down
2013-09-25,sh.601998,3.8700,3.9400,3.8400,3.8600,3.8900,26451001,102737957.0000,-0.771200,LL,Down
2013-09-26,sh.601998,3.8600,3.8700,3.7800,3.8000,3.8600,22242950,84771061.0000,-1.554400,SL,Down
2013-09-27,sh.601998,3.8000,3.8300,3.7700,3.8000,3.8000,12484122,47356335.0000,0.000000,SS,Smooth
2013-09-30,sh.601998,3.8200,3.8400,3.6900,3.7500,3.8000,61612025,230612870.0000,-1.315800,HL,Down
2013-10-08,sh.601998,3.7100,3.7900,3.6800,3.7800,3.7500,31484685,117844714.0000,0.800000,LH,Up
2013-10-09,sh.601998,3.7700,3.8400,3.7500,3.8000,3.7800,24430925,92661848.0000,0.529100,LH,Up
2013-10-10,sh.601998,3.8000,3.8200,3.7100,3.7300,3.8000,30718412,115033597.0000,-1.842100,SL,Down
2013-10-11,sh.601998,3.7500,3.8500,3.7300,3.8300,3.7300,34663646,131822911.0000,2.681000,HH,Up
2013-10-14,sh.601998,3.8400,3.8500,3.8000,3.8200,3.8300,20996926,80114610.0000,-0.261100,HL,Down
2013-10-15,sh.601998,3.8200,3.8400,3.7800,3.8100,3.8200,17031267,64882398.0000,-0.261800,SL,Down
2013-10-16,sh.601998,3.8000,3.8100,3.7400,3.7600,3.8100,16504721,62217033.0000,-1.312300,LL,Down
2013-10-17,sh.601998,3.7800,3.8100,3.7700,3.7800,3.7600,14557985,55175994.0000,0.531900,HS,Up
2013-10-18,sh.601998,3.7900,3.8300,3.7700,3.8100,3.7800,15108802,57464794.0000,0.793700,HH,Up
2013-10-21,sh.601998,3.8300,3.8400,3.7700,3.8400,3.8100,22373047,85261427.0000,0.787400,HH,Up
2013-10-22,sh.601998,3.8300,3.8400,3.7800,3.8100,3.8400,13072882,49753164.0000,-0.781300,LL,Down
2013-10-23,sh.601998,3.8200,3.9200,3.8000,3.8300,3.8100,33303954,128557575.0000,0.524900,HH,Up
2013-10-24,sh.601998,3.8200,3.8400,3.7700,3.7800,3.8300,19931281,75598634.0000,-1.305500,LL,Down
2013-10-25,sh.601998,3.7800,3.8900,3.7700,3.8000,3.7800,28370157,108299673.0000,0.529100,SH,Up
2013-10-28,sh.601998,3.8000,3.8200,3.7700,3.8000,3.8000,14266482,54137096.0000,0.000000,SS,Smooth
2013-10-29,sh.601998,3.8100,3.9700,3.8000,3.8800,3.8000,58031068,224805392.0000,2.105300,HH,Up
2013-10-30,sh.601998,3.8900,4.0100,3.8600,4.0000,3.8800,64140233,253012212.0000,3.092800,HH,Up
2013-10-31,sh.601998,3.9800,3.9900,3.9200,3.9300,4.0000,30694530,121193462.0000,-1.750000,LL,Down
2013-11-01,sh.601998,3.9300,4.0600,3.9200,4.0300,3.9300,58567936,235072716.0000,2.544500,SH,Up
2013-11-04,sh.601998,4.0600,4.1100,4.0000,4.0500,4.0300,42830562,173136414.0000,0.496300,HL,Up
2013-11-05,sh.601998,4.0200,4.0500,3.9300,4.0300,4.0500,35499564,141737972.0000,-0.493800,LH,Down
2013-11-06,sh.601998,4.0000,4.0000,3.9200,3.9200,4.0300,20777271,82127127.0000,-2.729500,LL,Down
2013-11-07,sh.601998,3.9300,3.9500,3.8900,3.9300,3.9200,19314545,75762420.0000,0.255100,HS,Up
2013-11-08,sh.601998,3.9200,3.9700,3.8900,3.9100,3.9300,20487339,80618908.0000,-0.508900,LL,Down
2013-11-11,sh.601998,3.9100,3.9900,3.9000,3.9600,3.9100,22132401,87427130.0000,1.278800,SH,Up
2013-11-12,sh.601998,3.9600,4.1300,3.9600,4.0500,3.9600,39841731,161634742.0000,2.272700,SH,Up
2013-11-13,sh.601998,4.0000,4.0200,3.9300,3.9600,4.0500,24980922,99401924.0000,-2.222200,LL,Down
2013-11-14,sh.601998,3.9500,3.9800,3.8800,3.9300,3.9600,20608965,81034021.0000,-0.757600,LL,Down
2013-11-15,sh.601998,3.9300,4.0400,3.9200,3.9700,3.9300,26918100,107437123.0000,1.017800,SH,Up
2013-11-18,sh.601998,3.9900,4.1600,3.9700,4.1300,3.9700,72214304,293821984.0000,4.030200,HH,Up
2013-11-19,sh.601998,4.1300,4.1300,4.0500,4.0800,4.1300,35722926,146012452.0000,-1.210700,SL,Down
2013-11-20,sh.601998,4.1100,4.1500,4.0700,4.1100,4.0800,23810363,97750917.0000,0.735300,HS,Up
2013-11-21,sh.601998,4.0800,4.1000,4.0200,4.0900,4.1100,26560135,107603444.0000,-0.486600,LH,Down
2013-11-22,sh.601998,4.0900,4.1000,4.0000,4.0100,4.0900,28692323,116109774.0000,-1.956000,SL,Down
2013-11-25,sh.601998,4.0000,4.0600,3.9900,3.9900,4.0100,23013860,92567874.0000,-0.498800,LL,Down
2013-11-26,sh.601998,3.9900,4.0300,3.9500,3.9800,3.9900,19213685,76512247.0000,-0.250600,SL,Down
2013-11-27,sh.601998,3.9800,4.0400,3.9500,4.0100,3.9800,17715300,70845085.0000,0.753800,SH,Up
2013-11-28,sh.601998,4.0200,4.0600,4.0000,4.0300,4.0100,19556857,78925438.0000,0.498800,HH,Up
2013-11-29,sh.601998,4.0400,4.0600,4.0200,4.0300,4.0300,10478641,42242507.0000,0.000000,HL,Smooth
2013-12-02,sh.601998,4.0200,4.1800,4.0100,4.0900,4.0300,47763370,195422319.0000,1.488800,LH,Up
2013-12-03,sh.601998,4.0800,4.1200,4.0400,4.1100,4.0900,26476817,107982305.0000,0.489000,LH,Up
2013-12-04,sh.601998,4.0800,4.1600,4.0800,4.1300,4.1100,35022301,144745420.0000,0.486600,LH,Up
2013-12-05,sh.601998,4.1400,4.1600,4.0900,4.1100,4.1300,21616078,89119326.0000,-0.484300,HL,Down
2013-12-06,sh.601998,4.1100,4.1200,4.0500,4.0900,4.1100,13319828,54335224.0000,-0.486600,SL,Down
2013-12-09,sh.601998,4.0900,4.1200,4.0800,4.0900,4.0900,10704276,43844895.0000,0.000000,SS,Smooth
2013-12-10,sh.601998,4.1000,4.1100,4.0700,4.0900,4.0900,12006056,49111527.0000,0.000000,HL,Smooth
2013-12-11,sh.601998,4.0700,4.0900,4.0100,4.0500,4.0900,18805291,75789461.0000,-0.978000,LL,Down
2013-12-12,sh.601998,4.0400,4.0500,4.0000,4.0200,4.0500,13883112,55906617.0000,-0.740700,LL,Down
2013-12-13,sh.601998,3.9900,4.0300,3.9700,4.0100,4.0200,14476966,57937783.0000,-0.248800,LH,Down
2013-12-16,sh.601998,4.0200,4.0400,3.9700,3.9800,4.0100,15118122,60557786.0000,-0.748100,HL,Down
2013-12-17,sh.601998,3.9800,4.0000,3.9500,3.9500,3.9800,10791119,42790829.0000,-0.753800,SL,Down
2013-12-18,sh.601998,3.9600,3.9800,3.9400,3.9500,3.9500,10759194,42558936.0000,0.000000,HL,Smooth
2013-12-19,sh.601998,3.9600,3.9900,3.9100,3.9200,3.9500,13877665,54852226.0000,-0.759500,HL,Down
2013-12-20,sh.601998,3.9200,3.9300,3.5300,3.5800,3.9200,28062389,107063661.0000,-8.673500,SL,Down
2013-12-23,sh.601998,3.7900,3.8600,3.7300,3.7800,3.5800,31136398,118066816.0000,5.586600,HL,Up
2013-12-24,sh.601998,3.7800,3.8200,3.7500,3.8000,3.7800,12968651,49048367.0000,0.529100,SH,Up
2013-12-25,sh.601998,3.8100,3.8100,3.7500,3.7800,3.8000,13150945,49616914.0000,-0.526300,HL,Down
2013-12-26,sh.601998,3.7800,3.7900,3.7200,3.7300,3.7800,10518147,39427608.0000,-1.322800,SL,Down
2013-12-27,sh.601998,3.7300,3.8100,3.7200,3.7900,3.7300,24057164,90669061.0000,1.608600,SH,Up
2013-12-30,sh.601998,3.8200,3.8500,3.7700,3.7800,3.7900,15831034,60165105.0000,-0.263900,HL,Down
2013-12-31,sh.601998,3.7600,3.8900,3.7600,3.8700,3.7800,19984859,76978723.0000,2.381000,LH,Up
2014-01-02,sh.601998,3.8500,3.8800,3.8300,3.8600,3.8700,13273498,51090050.0000,-0.258400,LH,Down
2014-01-03,sh.601998,3.8300,3.8600,3.7700,3.8000,3.8600,17005686,65011763.0000,-1.554400,LL,Down
2014-01-06,sh.601998,3.8000,3.8000,3.7000,3.7400,3.8000,13614739,50903976.0000,-1.578900,SL,Down
2014-01-07,sh.601998,3.7100,3.7600,3.6800,3.7300,3.7400,12226181,45549663.0000,-0.267400,LH,Down
2014-01-08,sh.601998,3.7400,3.7800,3.7100,3.7400,3.7300,8370970,31328328.0000,0.268100,HS,Up
2014-01-09,sh.601998,3.7100,3.7700,3.7000,3.7200,3.7400,10259319,38273442.0000,-0.534800,LH,Down
2014-01-10,sh.601998,3.7200,3.7400,3.7000,3.7100,3.7200,11417081,42518653.0000,-0.268800,SL,Down
2014-01-13,sh.601998,3.7400,3.7700,3.7100,3.7600,3.7100,16814147,62959532.0000,1.347700,HH,Up
2014-01-14,sh.601998,3.7600,3.7700,3.7000,3.7300,3.7600,13938161,51920513.0000,-0.797900,SL,Down
2014-01-15,sh.601998,3.7300,3.7300,3.5900,3.6400,3.7300,28874659,104839380.0000,-2.412900,SL,Down
2014-01-16,sh.601998,3.6400,3.6600,3.6000,3.6300,3.6400,10949223,39829134.0000,-0.274700,SL,Down
2014-01-17,sh.601998,3.6100,3.6300,3.5800,3.5900,3.6300,9303853,33508509.0000,-1.101900,LL,Down
2014-01-20,sh.601998,3.5900,3.6100,3.5700,3.5900,3.5900,7249622,26033694.0000,0.000000,SS,Smooth
2014-01-21,sh.601998,3.5900,3.6400,3.5800,3.6200,3.5900,6980614,25231143.0000,0.835700,SH,Up
2014-01-22,sh.601998,3.6100,3.6800,3.6000,3.6700,3.6200,13923635,50844312.0000,1.381200,LH,Up
2014-01-23,sh.601998,3.6600,3.6600,3.6300,3.6400,3.6700,9956311,36253348.0000,-0.817400,LL,Down
2014-01-24,sh.601998,3.6300,3.6700,3.6100,3.6500,3.6400,11252661,41072931.0000,0.274700,LH,Up
2014-01-27,sh.601998,3.6300,3.7200,3.6000,3.6300,3.6500,20665336,75275442.0000,-0.547900,LS,Down
2014-01-28,sh.601998,3.6400,3.7000,3.6200,3.6900,3.6300,15759472,57729437.0000,1.652900,HH,Up
2014-01-29,sh.601998,3.6900,3.7300,3.6700,3.7200,3.6900,13908172,51620986.0000,0.813000,SH,Up
2014-01-30,sh.601998,3.7000,3.7200,3.6000,3.6100,3.7200,13967569,51005111.0000,-2.957000,LL,Down
2014-02-07,sh.601998,3.6100,3.6500,3.5900,3.6400,3.6100,13312229,48180737.0000,0.831000,SH,Up
2014-02-10,sh.601998,3.6500,3.8200,3.6400,3.8000,3.6400,45262303,170325208.0000,4.395600,HH,Up
2014-02-11,sh.601998,3.7900,4.1800,3.7900,4.1800,3.8000,247558389,1022101504.0000,10.000000,LH,Up
2014-02-12,sh.601998,4.3000,4.5900,4.2500,4.5200,4.1800,320022624,1407578384.0000,8.134000,HH,Up
2014-02-13,sh.601998,4.4600,4.9700,4.3900,4.9500,4.5200,347735328,1655305280.0000,9.513300,LH,Up
2014-02-14,sh.601998,4.8000,4.9300,4.7500,4.8600,4.9500,169245413,817970208.0000,-1.818200,LH,Down
2014-02-17,sh.601998,4.8400,4.8700,4.6500,4.8100,4.8600,128669557,612179200.0000,-1.028800,LL,Down
2014-02-18,sh.601998,4.7600,4.7900,4.5800,4.6900,4.8100,165625209,773772576.0000,-2.494800,LL,Down
2014-02-19,sh.601998,4.6600,5.1600,4.6300,5.1600,4.6900,262104701,1306405696.0000,10.021300,LH,Up
2014-02-20,sh.601998,5.1400,5.4800,4.9500,5.0800,5.1600,182939850,953303616.0000,-1.550400,LL,Down
2014-02-21,sh.601998,5.0100,5.1900,4.8600,5.1700,5.0800,112661882,568306080.0000,1.771700,LH,Up
2014-02-24,sh.601998,5.1500,5.3600,4.8900,5.1700,5.1700,134080139,688660144.0000,0.000000,LH,Smooth
2014-02-25,sh.601998,5.1700,5.3300,4.7200,4.9400,5.1700,113774692,573613184.0000,-4.448700,SL,Down
2014-02-26,sh.601998,4.8500,5.2500,4.7400,5.0900,4.9400,94293572,475656368.0000,3.036400,LH,Up
2014-02-27,sh.601998,5.0300,5.5100,5.0100,5.3300,5.0900,137425982,727443216.0000,4.715100,LH,Up
2014-02-28,sh.601998,5.2600,5.5800,5.0600,5.2700,5.3300,121018508,641326112.0000,-1.125700,LH,Down
2014-03-03,sh.601998,5.1200,5.2100,5.0200,5.1300,5.2700,95562193,487604176.0000,-2.656500,LH,Down
2014-03-04,sh.601998,5.0800,5.1200,4.9600,5.0300,5.1300,66352998,334513792.0000,-1.949300,LL,Down
2014-03-05,sh.601998,5.0500,5.0700,4.9100,4.9800,5.0300,54066471,267819657.0000,-0.994000,HL,Down
2014-03-06,sh.601998,4.9600,4.9800,4.8100,4.8500,4.9800,61541784,300874000.0000,-2.610400,LL,Down
2014-03-07,sh.601998,4.8500,5.1500,4.8300,4.8900,4.8500,100510309,500237680.0000,0.824700,SH,Up
2014-03-10,sh.601998,4.8700,5.0400,4.8200,4.8800,4.8900,68358844,336569760.0000,-0.204500,LH,Down
2014-03-11,sh.601998,4.9000,5.0500,4.8900,4.9700,4.8800,63554053,315781472.0000,1.844300,HH,Up
2014-03-12,sh.601998,5.1500,5.4700,5.0500,5.4700,4.9700,215062642,1144427520.0000,10.060400,HH,Up
2014-03-13,sh.601998,5.4600,5.5100,5.2200,5.3300,5.4700,139177734,744670464.0000,-2.559400,LL,Down
2014-03-14,sh.601998,5.3100,5.3300,4.8000,4.8900,5.3300,152924572,763228784.0000,-8.255200,LL,Down
2014-03-17,sh.601998,4.6600,4.7400,4.4000,4.5600,4.8900,197549977,891918960.0000,-6.748500,LL,Down
2014-03-18,sh.601998,4.5100,4.6700,4.4700,4.6600,4.5600,125913541,576630416.0000,2.193000,LH,Up
2014-03-19,sh.601998,4.5900,4.6100,4.4700,4.6000,4.6600,77852547,353469888.0000,-1.287600,LH,Down
2014-03-20,sh.601998,4.5900,4.6500,4.4500,4.4600,4.6000,87145234,397307200.0000,-3.043500,LL,Down
2014-03-21,sh.601998,4.4900,4.7600,4.4000,4.7000,4.4600,162111593,747079792.0000,5.381200,HH,Up
2014-03-24,sh.601998,4.6300,4.8800,4.5600,4.7300,4.7000,133647745,623548768.0000,0.638300,LH,Up
2014-03-25,sh.601998,4.7200,4.7200,4.6000,4.6100,4.7300,63862084,296596288.0000,-2.537000,LL,Down
2014-03-26,sh.601998,4.6200,4.6700,4.5400,4.5800,4.6100,39590654,181577919.0000,-0.650800,HL,Down
2014-03-27,sh.601998,4.6400,4.7700,4.6000,4.6700,4.5800,96204704,450105280.0000,1.965100,HH,Up
2014-03-28,sh.601998,4.6800,4.7000,4.5900,4.6000,4.6700,54921134,254759575.0000,-1.498900,HL,Down
2014-03-31,sh.601998,4.6100,4.6400,4.5300,4.6300,4.6000,48368842,222318655.0000,0.652200,HH,Up
2014-04-01,sh.601998,4.6100,4.7200,4.5600,4.6600,4.6300,42779482,198843738.0000,0.647900,LH,Up
2014-04-02,sh.601998,4.6400,4.7200,4.6000,4.6900,4.6600,67107555,312277840.0000,0.643800,LH,Up
2014-04-03,sh.601998,4.6800,4.6900,4.5400,4.5700,4.6900,59166104,272663328.0000,-2.558600,LL,Down
2014-04-04,sh.601998,4.5500,4.6200,4.5000,4.5900,4.5700,44122736,202173205.0000,0.437600,LH,Up
2014-04-08,sh.601998,4.5900,4.7800,4.5700,4.7200,4.5900,88231719,413577312.0000,2.832200,SH,Up
2014-04-09,sh.601998,4.7400,4.7400,4.7000,4.7200,4.7200,46360539,218753281.0000,0.000000,HL,Smooth
2014-04-10,sh.601998,4.7300,4.8100,4.6800,4.7500,4.7200,70034379,332016320.0000,0.635600,HH,Up
2014-04-11,sh.601998,4.7300,5.2100,4.6900,5.0900,4.7500,152315884,755630352.0000,7.157900,LH,Up
2014-04-14,sh.601998,5.0000,5.0500,4.9300,4.9900,5.0900,78979723,393957664.0000,-1.964600,LL,Down
2014-04-15,sh.601998,4.9600,4.9800,4.8200,4.8500,4.9900,52472624,255646712.0000,-2.805600,LL,Down
2014-04-16,sh.601998,4.8000,4.9000,4.8000,4.8600,4.8500,29211247,141650842.0000,0.206200,LH,Up
2014-04-17,sh.601998,4.9000,4.9200,4.7800,4.7900,4.8600,30994294,149293218.0000,-1.440300,HL,Down
2014-04-18,sh.601998,4.7800,4.8100,4.7200,4.7900,4.7900,22977555,109555094.0000,0.000000,LH,Smooth
2014-04-21,sh.601998,4.7500,4.8300,4.6900,4.7000,4.7900,28374192,134986106.0000,-1.878900,LL,Down
2014-04-22,sh.601998,4.7000,4.9200,4.6700,4.9000,4.7000,78593832,380365792.0000,4.255300,SH,Up
2014-04-23,sh.601998,4.8800,4.9200,4.8100,4.8300,4.9000,41128939,199734182.0000,-1.428600,LL,Down
2014-04-24,sh.601998,4.8100,4.9400,4.8100,4.8400,4.8300,32136448,156601988.0000,0.207000,LH,Up
2014-04-25,sh.601998,4.8700,5.0500,4.7800,4.9300,4.8400,78897260,391113088.0000,1.859500,HH,Up
2014-04-28,sh.601998,4.9000,4.9800,4.7800,4.8500,4.9300,46659497,226700435.0000,-1.622700,LL,Down
2014-04-29,sh.601998,4.8600,4.9000,4.7700,4.8900,4.8500,31143722,150714147.0000,0.824700,HH,Up
2014-04-30,sh.601998,4.8900,4.9200,4.8000,4.8100,4.8900,29139188,141210487.0000,-1.636000,SL,Down
2014-05-05,sh.601998,4.8000,4.8000,4.6500,4.7200,4.8100,41843259,196537679.0000,-1.871100,LL,Down
2014-05-06,sh.601998,4.7000,4.7100,4.6300,4.6700,4.7200,37527896,175263907.0000,-1.059300,LL,Down
2014-05-07,sh.601998,4.6400,4.6500,4.4900,4.5000,4.6700,60752995,276549648.0000,-3.640300,LL,Down
2014-05-08,sh.601998,4.4900,4.6100,4.4800,4.5400,4.5000,49058798,223005181.0000,0.888900,LH,Up
2014-05-09,sh.601998,4.5500,4.5900,4.4800,4.5100,4.5400,23305177,105241498.0000,-0.660800,HL,Down
2014-05-12,sh.601998,4.5500,4.6100,4.5000,4.5800,4.5100,40357468,184107057.0000,1.552100,HH,Up
2014-05-13,sh.601998,4.5900,4.5900,4.5100,4.5400,4.5800,34833316,158127659.0000,-0.873400,HL,Down
2014-05-14,sh.601998,4.5300,4.5700,4.5100,4.5300,4.5400,17667496,80122633.0000,-0.220300,LS,Down
2014-05-15,sh.601998,4.5400,4.5400,4.4800,4.4900,4.5300,21847406,98370051.0000,-0.883000,HL,Down
2014-05-16,sh.601998,4.4800,4.5100,4.2700,4.3100,4.4900,77506601,337508848.0000,-4.008900,LL,Down
2014-05-19,sh.601998,4.3100,4.3200,4.1500,4.1900,4.3100,55475242,232997427.0000,-2.784200,SL,Down
2014-05-20,sh.601998,4.2000,4.2200,4.1700,4.1900,4.1900,33795530,141572108.0000,0.000000,HL,Smooth
2014-05-21,sh.601998,4.1800,4.2900,4.1400,4.2700,4.1900,39704654,168292728.0000,1.909300,LH,Up
2014-05-22,sh.601998,4.2700,4.3200,4.2400,4.2600,4.2700,30713871,131564013.0000,-0.234200,SL,Down
2014-05-23,sh.601998,4.2500,4.3100,4.2400,4.2900,4.2600,21581240,92382309.0000,0.704200,LH,Up
2014-05-26,sh.601998,4.2800,4.3100,4.2400,4.2700,4.2900,29044177,123843320.0000,-0.466200,LL,Down
2014-05-27,sh.601998,4.2600,4.2800,4.2400,4.2600,4.2700,27207404,115966097.0000,-0.234200,LS,Down
2014-05-28,sh.601998,4.2600,4.2800,4.1800,4.2800,4.2600,37944973,160437033.0000,0.469500,SH,Up
2014-05-29,sh.601998,4.2700,4.2900,4.2200,4.2300,4.2800,39599080,168026489.0000,-1.168200,LL,Down
2014-05-30,sh.601998,4.2300,4.2600,4.1800,4.2200,4.2300,32756545,138331430.0000,-0.236400,SL,Down
2014-06-03,sh.601998,4.2300,4.2700,4.2200,4.2300,4.2200,37161508,157605613.0000,0.237000,HS,Up
2014-06-04,sh.601998,4.2300,4.3800,4.1500,4.3500,4.2300,92142800,393105376.0000,2.836900,SH,Up
2014-06-05,sh.601998,4.3000,4.3600,4.2800,4.3400,4.3500,47972177,207158904.0000,-0.229900,LH,Down
2014-06-06,sh.601998,4.3300,4.3300,4.2700,4.2900,4.3400,23876371,102602161.0000,-1.152100,LL,Down
2014-06-09,sh.601998,4.2800,4.3400,4.2700,4.2800,4.2900,22773631,97872835.0000,-0.233100,LS,Down
2014-06-10,sh.601998,4.2900,4.3600,4.2800,4.3400,4.2800,34272335,148239828.0000,1.401900,HH,Up
2014-06-11,sh.601998,4.3200,4.3400,4.3000,4.3300,4.3400,17830284,77012138.0000,-0.230400,LH,Down
2014-06-12,sh.601998,4.3100,4.3200,4.2900,4.3000,4.3300,14445937,62112193.0000,-0.692800,LL,Down
2014-06-13,sh.601998,4.2900,4.4800,4.2700,4.3900,4.3000,56209304,246921467.0000,2.093000,LH,Up
2014-06-16,sh.601998,4.3600,4.4700,4.3300,4.4300,4.3900,58792476,258669468.0000,0.911200,LH,Up
2014-06-17,sh.601998,4.4100,4.4100,4.3600,4.3800,4.4300,26140791,114450533.0000,-1.128700,LL,Down
2014-06-18,sh.601998,4.3700,4.3900,4.2900,4.3100,4.3800,28754363,124583575.0000,-1.598200,LL,Down
2014-06-19,sh.601998,4.3000,4.3300,4.2200,4.2300,4.3100,23228525,99273774.0000,-1.856100,LL,Down
2014-06-20,sh.601998,4.2500,4.2900,4.2400,4.2800,4.2300,16038667,68397160.0000,1.182000,HH,Up
2014-06-23,sh.601998,4.2800,4.2900,4.2400,4.2500,4.2800,14530597,61935056.0000,-0.700900,SL,Down
2014-06-24,sh.601998,4.2500,4.2800,4.2300,4.2500,4.2500,21279430,90319946.0000,0.000000,SS,Smooth
2014-06-25,sh.601998,4.2500,4.2600,4.1900,4.2500,4.2500,24804704,104881764.0000,0.000000,SS,Smooth
2014-06-26,sh.601998,4.2400,4.2800,4.2300,4.2700,4.2500,20629413,87980648.0000,0.470600,LH,Up
2014-06-27,sh.601998,4.2600,4.2800,4.2300,4.2600,4.2700,19518455,83007500.0000,-0.234200,LS,Down
2014-06-30,sh.601998,4.2500,4.2900,4.2400,4.2700,4.2600,29522920,125936659.0000,0.234700,LH,Up
2014-07-01,sh.601998,4.2800,4.2900,4.2300,4.2600,4.2700,18950583,80604956.0000,-0.234200,HL,Down
2014-07-02,sh.601998,4.2600,4.2800,4.2400,4.2700,4.2600,20620451,87826199.0000,0.234700,SH,Up
2014-07-03,sh.601998,4.2700,4.3600,4.2600,4.3300,4.2700,50262980,217271020.0000,1.405200,SH,Up
2014-07-04,sh.601998,4.3200,4.3400,4.2900,4.3100,4.3300,24600988,106095989.0000,-0.461900,LL,Down
2014-07-07,sh.601998,4.3100,4.3200,4.2700,4.3000,4.3100,21669539,93085239.0000,-0.232000,SL,Down
2014-07-08,sh.601998,4.3000,4.3800,4.2800,4.3400,4.3000,39629637,171680236.0000,0.930200,SH,Up
2014-07-09,sh.601998,4.3300,4.3300,4.2200,4.2400,4.3400,54410450,231619646.0000,-2.304200,LL,Down
2014-07-10,sh.601998,4.2300,4.2500,4.2100,4.2300,4.2400,24799045,104904003.0000,-0.235800,LS,Down
2014-07-11,sh.601998,4.2400,4.2700,4.2200,4.2500,4.2300,30407328,129033754.0000,0.472800,HH,Up
2014-07-14,sh.601998,4.2500,4.3200,4.2400,4.3100,4.2500,29480076,126112484.0000,1.411800,SH,Up
2014-07-15,sh.601998,4.3000,4.3400,4.2800,4.3100,4.3100,45142210,194373778.0000,0.000000,LH,Smooth
2014-07-16,sh.601998,4.3200,4.3200,4.2800,4.3100,4.3100,39123030,168310793.0000,0.000000,HL,Smooth
2014-07-17,sh.601998,4.0700,4.0800,4.0200,4.0500,4.0600,22992730,92841719.0000,-0.246300,HL,Down
2014-07-18,sh.601998,4.0300,4.0800,4.0300,4.0500,4.0500,32667114,132605850.0000,0.000000,LH,Smooth
2014-07-21,sh.601998,4.0400,4.0500,4.0000,4.0100,4.0500,25817473,103824374.0000,-0.987700,LL,Down
2014-07-22,sh.601998,4.0000,4.0700,3.9900,4.0500,4.0100,33428431,135146771.0000,0.997500,LH,Up
2014-07-23,sh.601998,4.0500,4.1300,4.0400,4.1100,4.0500,55528280,227627258.0000,1.481500,SH,Up
2014-07-24,sh.601998,4.1000,4.4600,4.0900,4.3300,4.1100,114787256,490327360.0000,5.352800,LH,Up
2014-07-25,sh.601998,4.3300,4.3900,4.2800,4.3600,4.3300,70536255,305685440.0000,0.692800,SH,Up
2014-07-28,sh.601998,4.3700,4.6900,4.3600,4.5400,4.3600,143061957,647277728.0000,4.128400,HH,Up
2014-07-29,sh.601998,4.5500,4.6200,4.4800,4.5300,4.5400,90578936,411441152.0000,-0.220300,HL,Down
2014-07-30,sh.601998,4.5000,4.5900,4.4500,4.4900,4.5300,59666387,268462240.0000,-0.883000,LL,Down
2014-07-31,sh.601998,4.4700,4.5500,4.4200,4.5400,4.4900,49679060,222656601.0000,1.113600,LH,Up
2014-08-01,sh.601998,4.5100,4.5800,4.4400,4.4500,4.5400,63934686,288615200.0000,-1.982400,LL,Down
2014-08-04,sh.601998,4.4600,4.5300,4.4500,4.5200,4.4500,54308575,244501104.0000,1.573000,HH,Up
2014-08-05,sh.601998,4.5400,4.5700,4.4700,4.5300,4.5200,55209290,249349816.0000,0.221200,HL,Up
2014-08-06,sh.601998,4.4800,4.5000,4.4000,4.4400,4.5300,65080959,288480208.0000,-1.986800,LL,Down
2014-08-07,sh.601998,4.4300,4.4600,4.3800,4.4000,4.4400,45357203,200297665.0000,-0.900900,LL,Down
2014-08-08,sh.601998,4.4200,4.4500,4.3900,4.4200,4.4000,28456871,125724309.0000,0.454500,HS,Up
2014-08-11,sh.601998,4.4200,4.5500,4.4100,4.4900,4.4200,62230750,278980624.0000,1.583700,SH,Up
2014-08-12,sh.601998,4.4700,4.4800,4.4200,4.4500,4.4900,39461853,175039459.0000,-0.890900,LL,Down
2014-08-13,sh.601998,4.4400,4.4400,4.3800,4.4100,4.4500,54385765,239475242.0000,-0.898900,LL,Down
2014-08-14,sh.601998,4.4200,4.4300,4.3700,4.3800,4.4100,31454378,138597566.0000,-0.680300,HL,Down
2014-08-15,sh.601998,4.3900,4.4600,4.3800,4.4400,4.3800,47153616,208693939.0000,1.369900,HH,Up
2014-08-18,sh.601998,4.4600,4.4700,4.4000,4.4400,4.4400,36309622,160757364.0000,0.000000,HL,Smooth
2014-08-19,sh.601998,4.4400,4.4500,4.3900,4.4200,4.4400,39052074,172217687.0000,-0.450500,SL,Down
2014-08-20,sh.601998,4.4200,4.4300,4.3900,4.4000,4.4200,26552753,116924475.0000,-0.452500,SL,Down
2014-08-21,sh.601998,4.3900,4.4100,4.3000,4.3400,4.4000,42574041,184970873.0000,-1.363600,LL,Down
2014-08-22,sh.601998,4.3400,4.3600,4.3200,4.3500,4.3400,32150394,139609796.0000,0.230400,SH,Up
2014-08-25,sh.601998,4.3600,4.3700,4.2700,4.3000,4.3500,28816402,124089431.0000,-1.149400,HL,Down
2014-08-26,sh.601998,4.3100,4.3200,4.2600,4.2800,4.3000,25317992,108541245.0000,-0.465100,HL,Down
2014-08-27,sh.601998,4.2700,4.3100,4.2600,4.2700,4.2800,18833722,80584481.0000,-0.233700,LS,Down
2014-08-28,sh.601998,4.2700,4.2900,4.2300,4.2300,4.2700,24416366,103905549.0000,-0.936800,SL,Down
2014-08-29,sh.601998,4.2300,4.2900,4.2300,4.2800,4.2300,27272191,116270954.0000,1.182000,SH,Up
2014-09-01,sh.601998,4.2900,4.3300,4.2700,4.2900,4.2800,50438922,216412546.0000,0.233600,HS,Up
2014-09-02,sh.601998,4.3000,4.3500,4.2800,4.3400,4.2900,51973905,224348106.0000,1.165500,HH,Up
2014-09-03,sh.601998,4.3500,4.4200,4.3300,4.4200,4.3400,87921904,386350976.0000,1.843300,HH,Up
2014-09-04,sh.601998,4.4200,4.4300,4.3900,4.4200,4.4200,48984228,215886038.0000,0.000000,SS,Smooth
2014-09-05,sh.601998,4.4300,4.4700,4.4200,4.4500,4.4200,73531282,327260928.0000,0.678700,HH,Up
2014-09-09,sh.601998,4.4600,4.4700,4.3800,4.4100,4.4500,44935290,198216396.0000,-0.898900,HL,Down
2014-09-10,sh.601998,4.4000,4.4100,4.3700,4.4000,4.4100,34908472,153218302.0000,-0.226800,LS,Down
2014-09-11,sh.601998,4.4000,4.4500,4.3300,4.3600,4.4000,66769988,292794112.0000,-0.909100,SL,Down
2014-09-12,sh.601998,4.3400,4.3800,4.3300,4.3700,4.3600,32903062,143331567.0000,0.229400,LH,Up
2014-09-15,sh.601998,4.3600,4.4100,4.3400,4.4100,4.3700,52631457,230271252.0000,0.915300,LH,Up
2014-09-16,sh.601998,4.4000,4.5100,4.3500,4.3900,4.4100,120569124,534067008.0000,-0.453500,LL,Down
2014-09-17,sh.601998,4.3700,4.4100,4.3500,4.3800,4.3900,50869752,222347971.0000,-0.227800,LH,Down
2014-09-18,sh.601998,4.3700,4.8200,4.3500,4.5800,4.3800,200379335,920202688.0000,4.566200,LH,Up
2014-09-19,sh.601998,4.5000,4.5800,4.4900,4.5400,4.5800,110924695,502738576.0000,-0.873400,LH,Down
2014-09-22,sh.601998,4.5200,4.5500,4.4000,4.4300,4.5400,82994924,370217616.0000,-2.422900,LL,Down
2014-09-23,sh.601998,4.4200,4.5400,4.4100,4.4900,4.4300,64263951,287561152.0000,1.354400,LH,Up
2014-09-24,sh.601998,4.4700,4.5700,4.4200,4.5400,4.4900,99317611,448397456.0000,1.113600,LH,Up
2014-09-25,sh.601998,4.5600,4.6600,4.5200,4.5900,4.5400,125608644,575230704.0000,1.101300,HH,Up
2014-09-26,sh.601998,4.5700,4.5900,4.5100,4.5300,4.5900,67943624,308924640.0000,-1.307200,LL,Down
2014-09-29,sh.601998,4.5400,4.5800,4.5100,4.5500,4.5300,61606144,279765440.0000,0.441500,HH,Up
2014-09-30,sh.601998,4.5400,4.5600,4.5200,4.5400,4.5500,47821287,216813812.0000,-0.219800,LS,Down
2014-10-08,sh.601998,4.5500,4.5800,4.5100,4.5800,4.5400,78266708,355849648.0000,0.881100,HH,Up
2014-10-09,sh.601998,4.5700,4.5900,4.5300,4.5600,4.5800,58925175,268438560.0000,-0.436700,LL,Down
2014-10-10,sh.601998,4.5400,4.6400,4.5200,4.5900,4.5600,111920463,512501952.0000,0.657900,LH,Up
2014-10-13,sh.601998,4.5600,4.5700,4.5100,4.5400,4.5900,50872509,230558090.0000,-1.089300,LL,Down
2014-10-14,sh.601998,4.5400,4.6100,4.5200,4.5400,4.5400,58751926,267764787.0000,0.000000,SS,Smooth
2014-10-15,sh.601998,4.5300,4.6900,4.5200,4.6200,4.5400,116359054,536445456.0000,1.762100,LH,Up
2014-10-16,sh.601998,4.5900,4.9500,4.5700,4.7500,4.6200,240145057,1149625472.0000,2.813900,LH,Up
2014-10-17,sh.601998,4.7000,4.7300,4.5900,4.6500,4.7500,116873358,545404944.0000,-2.105300,LL,Down
2014-10-20,sh.601998,4.6700,4.8100,4.6000,4.7600,4.6500,136764476,643826656.0000,2.365600,HH,Up
2014-10-21,sh.601998,4.7400,4.7900,4.6200,4.6500,4.7600,93813040,441061152.0000,-2.310900,LL,Down
2014-10-22,sh.601998,4.6400,4.7700,4.6200,4.6500,4.6500,93692152,439544864.0000,0.000000,LH,Smooth
2014-10-23,sh.601998,4.6400,4.7500,4.5900,4.6300,4.6500,117696637,549351888.0000,-0.430100,LL,Down
2014-10-24,sh.601998,4.6400,4.6900,4.5900,4.6100,4.6300,74255409,344278464.0000,-0.432000,HL,Down
2014-10-27,sh.601998,4.5700,4.5700,4.3800,4.4300,4.6100,90608207,404802160.0000,-3.904600,LL,Down
2014-10-28,sh.601998,4.3900,4.5100,4.3900,4.5000,4.4300,60291465,269526320.0000,1.580100,LH,Up
2014-10-29,sh.601998,4.5000,4.7300,4.4700,4.6600,4.5000,152038619,700717744.0000,3.555600,SH,Up
2014-10-30,sh.601998,4.7100,4.8100,4.6500,4.7400,4.6600,215838567,1021966288.0000,1.716700,HH,Up
2014-10-31,sh.601998,4.7700,5.0300,4.7500,4.8900,4.7400,281304608,1371539024.0000,3.164600,HH,Up
2014-11-03,sh.601998,4.8900,4.9500,4.7800,4.8500,4.8900,111760473,543350912.0000,-0.818000,SL,Down
2014-11-04,sh.601998,4.8300,4.8500,4.7800,4.7900,4.8500,79487407,382519184.0000,-1.237100,LL,Down
2014-11-05,sh.601998,4.8000,4.9500,4.7100,4.8900,4.7900,148664905,718334432.0000,2.087700,HH,Up
2014-11-06,sh.601998,4.8600,4.9100,4.7900,4.8300,4.8900,71063664,344429872.0000,-1.227000,LL,Down
2014-11-07,sh.601998,4.8300,5.1500,4.8000,4.9200,4.8300,245730945,1225612448.0000,1.863400,SH,Up
2014-11-10,sh.601998,5.0000,5.2100,4.9200,5.1500,4.9200,185013877,934082720.0000,4.674800,HH,Up
2014-11-11,sh.601998,5.1700,5.5000,5.1000,5.2700,5.1500,303837056,1611863664.0000,2.330100,HH,Up
2014-11-12,sh.601998,5.1800,5.2300,5.0800,5.2200,5.2700,114825648,592034496.0000,-0.948800,LH,Down
2014-11-13,sh.601998,5.2200,5.3200,5.1200,5.1500,5.2200,105604070,549540128.0000,-1.341000,SL,Down
2014-11-14,sh.601998,5.1500,5.1500,4.9800,5.0700,5.1500,79412745,401027424.0000,-1.553400,SL,Down
2014-11-17,sh.601998,5.0900,5.1200,4.9400,4.9500,5.0700,78605869,392708128.0000,-2.366900,HL,Down
2014-11-18,sh.601998,4.9400,4.9800,4.8700,4.9100,4.9500,64101197,314769584.0000,-0.808100,LL,Down
2014-11-19,sh.601998,4.9000,4.9500,4.8800,4.9400,4.9100,42602706,209609064.0000,0.611000,LH,Up
2014-11-20,sh.601998,4.9400,4.9900,4.8900,4.9700,4.9400,56020999,277302624.0000,0.607300,SH,Up
2014-11-21,sh.601998,4.9700,5.1000,4.9000,5.0900,4.9700,92580574,462765392.0000,2.414500,SH,Up
2014-11-24,sh.601998,4.9700,5.1700,4.9400,5.1000,5.0900,163227290,825030752.0000,0.196500,LH,Up
2014-11-25,sh.601998,5.0800,5.1600,5.0200,5.1500,5.1000,117087795,595445824.0000,0.980400,LH,Up
2014-11-26,sh.601998,5.1500,5.3600,5.1100,5.3200,5.1500,198820589,1043308384.0000,3.301000,SH,Up
2014-11-27,sh.601998,5.3500,5.5700,5.3300,5.5500,5.3200,269831936,1469665648.0000,4.323300,HH,Up
2014-11-28,sh.601998,5.5900,6.1100,5.5900,6.1100,5.5500,418403312,2494598080.0000,10.090100,HH,Up
2014-12-01,sh.601998,6.5000,6.6300,6.1500,6.2900,6.1100,413995760,2629477280.0000,2.946000,HL,Up
2014-12-02,sh.601998,6.1900,6.8900,6.1500,6.6700,6.2900,372288640,2411000304.0000,6.041300,LH,Up
2014-12-03,sh.601998,6.6000,6.8500,6.3700,6.4300,6.6700,355117808,2351961504.0000,-3.598200,LL,Down
2014-12-04,sh.601998,6.4000,6.8500,6.2700,6.7700,6.4300,323207424,2127173040.0000,5.287700,LH,Up
2014-12-05,sh.601998,6.7900,7.2700,6.5100,6.8900,6.7700,397448896,2741329776.0000,1.772500,HH,Up
2014-12-08,sh.601998,6.6100,7.1300,6.5700,6.9300,6.8900,352077856,2407303680.0000,0.580600,LH,Up
2014-12-09,sh.601998,6.8400,7.2800,6.2400,6.3500,6.9300,391111280,2726662528.0000,-8.369400,LL,Down
2014-12-10,sh.601998,6.3800,6.6000,5.9800,6.4900,6.3500,265191175,1672474336.0000,2.204700,HH,Up
2014-12-11,sh.601998,6.3600,6.6000,6.2600,6.3200,6.4900,169773495,1085508272.0000,-2.619400,LL,Down
2014-12-12,sh.601998,6.3400,6.4400,6.2000,6.2700,6.3200,128512321,810432880.0000,-0.791100,HL,Down
2014-12-15,sh.601998,6.2100,6.2200,5.9500,6.1500,6.2700,175229983,1065533136.0000,-1.913900,LL,Down
2014-12-16,sh.601998,6.1300,6.5500,6.1100,6.5200,6.1500,265411188,1690281984.0000,6.016300,LH,Up
2014-12-17,sh.601998,6.6000,7.1700,6.4800,7.1700,6.5200,571677904,3966859792.0000,9.969300,HH,Up
2014-12-18,sh.601998,7.3000,7.3600,6.8500,6.9200,7.1700,366613504,2586988432.0000,-3.486800,HL,Down
2014-12-19,sh.601998,6.8100,7.1900,6.8100,7.0800,6.9200,252541862,1772458816.0000,2.312100,LH,Up
2014-12-22,sh.601998,7.0900,7.7500,6.9600,7.4100,7.0800,386676928,2863339856.0000,4.661000,HH,Up
2014-12-23,sh.601998,7.2000,7.4900,6.8500,7.0600,7.4100,226615944,1631167200.0000,-4.723300,LL,Down
2014-12-24,sh.601998,7.1500,7.1900,6.6200,6.7400,7.0600,187566093,1279191552.0000,-4.532600,HL,Down
2014-12-25,sh.601998,6.8900,7.1300,6.7600,6.9800,6.7400,188503508,1311618800.0000,3.560800,HH,Up
2014-12-26,sh.601998,7.0200,7.3600,6.9000,7.3300,6.9800,271848848,1946021744.0000,5.014300,HH,Up
2014-12-29,sh.601998,7.5800,7.7900,7.1500,7.2800,7.3300,295012896,2213615440.0000,-0.682100,HL,Down
2014-12-30,sh.601998,7.3300,8.0100,7.2200,8.0100,7.2800,557351488,4394108416.0000,10.027500,HH,Up
2014-12-31,sh.601998,8.0000,8.1900,7.8200,8.1400,8.0100,463730464,3717933360.0000,1.623000,LH,Up
2015-01-05,sh.601998,8.1500,8.3300,7.9100,8.1600,8.1400,337368240,2739056432.0000,0.245700,HH,Up
2015-01-06,sh.601998,8.0000,8.3100,7.8300,7.9300,8.1600,289390336,2320454400.0000,-2.818600,LL,Down
2015-01-07,sh.601998,7.8000,8.1000,7.7300,7.9100,7.9300,180969317,1430048944.0000,-0.252200,LH,Down
2015-01-08,sh.601998,7.9300,7.9700,7.4700,7.5400,7.9100,202660638,1546069328.0000,-4.677600,HL,Down
2015-01-09,sh.601998,7.4000,8.0300,7.3700,7.6000,7.5400,258676854,1988183984.0000,0.795800,LH,Up
2015-01-12,sh.601998,7.5000,7.6400,7.3200,7.4600,7.6000,127071715,949152016.0000,-1.842100,LL,Down
2015-01-13,sh.601998,7.4700,7.5300,7.3600,7.4100,7.4600,96668536,716752432.0000,-0.670200,HL,Down
2015-01-14,sh.601998,7.5000,7.9200,7.5000,7.6600,7.4100,209317486,1617835840.0000,3.373800,HH,Up
2015-01-15,sh.601998,7.5900,7.9300,7.5000,7.9200,7.6600,201955130,1568041360.0000,3.394300,LH,Up
2015-01-16,sh.601998,7.9100,8.0600,7.7700,7.8800,7.9200,209674799,1662255760.0000,-0.505100,LL,Down
2015-01-19,sh.601998,7.2900,7.4200,7.0900,7.0900,7.8800,179348425,1294112400.0000,-10.025400,LL,Down
2015-01-20,sh.601998,6.9300,7.1400,6.6800,6.9300,7.0900,224483638,1554337968.0000,-2.256700,LS,Down
2015-01-21,sh.601998,6.9900,7.3800,6.9100,7.3100,6.9300,224228870,1602374832.0000,5.483400,HH,Up
2015-01-22,sh.601998,7.3000,7.3500,7.1200,7.2200,7.3100,134986355,975639056.0000,-1.231200,LL,Down
2015-01-23,sh.601998,7.2600,7.4000,7.2000,7.2600,7.2200,153915060,1123305680.0000,0.554000,HS,Up
2015-01-26,sh.601998,7.2400,7.2600,7.0900,7.2400,7.2600,86008358,615657856.0000,-0.275500,LS,Down
2015-01-27,sh.601998,7.2400,7.2400,6.9400,7.0600,7.2400,109801282,776883648.0000,-2.486200,SL,Down
2015-01-28,sh.601998,7.0400,7.3200,6.9500,7.1500,7.0600,163146128,1168901904.0000,1.274800,LH,Up
2015-01-29,sh.601998,6.9700,7.0500,6.9000,7.0100,7.1500,93003445,648494512.0000,-1.958000,LH,Down
2015-01-30,sh.601998,7.1000,7.1400,6.9200,6.9500,7.0100,68146718,477976560.0000,-0.855900,HL,Down
2015-02-02,sh.601998,6.7600,6.8200,6.6500,6.6800,6.9500,84382923,568189664.0000,-3.884900,LL,Down
2015-02-03,sh.601998,6.7700,6.8700,6.6500,6.8600,6.6800,80188300,541040288.0000,2.694600,HH,Up
2015-02-04,sh.601998,6.8800,6.9300,6.7000,6.7200,6.8600,68510101,467734736.0000,-2.040800,HL,Down
2015-02-05,sh.601998,7.0800,7.1000,6.6800,6.7100,6.7200,162215283,1125257648.0000,-0.148800,HL,Down
2015-02-06,sh.601998,6.7000,6.7100,6.3800,6.4700,6.7100,110519904,722359920.0000,-3.576800,LL,Down
2015-02-09,sh.601998,6.4600,6.6500,6.3000,6.5700,6.4700,82118620,532827312.0000,1.545600,LH,Up
2015-02-10,sh.601998,6.5200,6.7500,6.4900,6.7500,6.5700,77097241,514716720.0000,2.739700,LH,Up
2015-02-11,sh.601998,6.7600,6.8000,6.6100,6.7000,6.7500,57436332,384392864.0000,-0.740700,HL,Down
2015-02-12,sh.601998,6.7000,6.7300,6.6100,6.7000,6.7000,56056973,373760064.0000,0.000000,SS,Smooth
2015-02-13,sh.601998,6.7300,6.8800,6.6900,6.7500,6.7000,79996564,542696096.0000,0.746300,HH,Up
2015-02-16,sh.601998,6.7500,6.7700,6.6900,6.7200,6.7500,43595375,292915568.0000,-0.444400,SL,Down
2015-02-17,sh.601998,6.7200,6.8400,6.7100,6.7500,6.7200,73506234,496409248.0000,0.446400,SH,Up
2015-02-25,sh.601998,6.7500,6.7600,6.6100,6.6200,6.7500,73115534,487174016.0000,-1.925900,SL,Down
2015-02-26,sh.601998,6.6200,6.8000,6.5500,6.7900,6.6200,102437981,686256352.0000,2.568000,SH,Up
2015-02-27,sh.601998,6.7900,6.8200,6.7500,6.7700,6.7900,79089819,536053520.0000,-0.294600,SL,Down
2015-03-02,sh.601998,6.8100,7.0500,6.7300,7.0500,6.7700,182752937,1255475968.0000,4.135900,HH,Up
2015-03-03,sh.601998,6.9700,6.9800,6.6600,6.7200,7.0500,171489809,1170607584.0000,-4.680900,LL,Down
2015-03-04,sh.601998,6.7000,6.7400,6.6100,6.6600,6.7200,92044581,613466384.0000,-0.892900,LL,Down
2015-03-05,sh.601998,6.6200,6.6700,6.5000,6.5500,6.6600,99431980,652558224.0000,-1.651600,LL,Down
2015-03-06,sh.601998,6.5500,6.6200,6.5300,6.5700,6.5500,65922207,433384736.0000,0.305300,SH,Up
2015-03-09,sh.601998,6.6200,7.2300,6.5500,7.0800,6.5700,314139808,2177504064.0000,7.762600,HH,Up
2015-03-10,sh.601998,6.9100,7.0500,6.8400,6.8700,7.0800,149598654,1033623776.0000,-2.966100,LL,Down
2015-03-11,sh.601998,6.8800,7.1800,6.8700,6.9700,6.8700,133417399,936332464.0000,1.455600,HH,Up
2015-03-12,sh.601998,7.1000,7.5000,7.0200,7.2600,6.9700,314078592,2279925584.0000,4.160700,HH,Up
2015-03-13,sh.601998,7.2900,7.4900,7.1300,7.2000,7.2600,209667628,1533656912.0000,-0.826500,HL,Down
2015-03-16,sh.601998,7.2000,7.3000,7.0800,7.2500,7.2000,160262026,1154141968.0000,0.694400,SH,Up
2015-03-17,sh.601998,7.3900,7.4500,7.2500,7.3400,7.2500,170859613,1251386032.0000,1.241400,HL,Up
2015-03-18,sh.601998,7.3400,7.5600,7.3100,7.5100,7.3400,206696358,1538595024.0000,2.316100,SH,Up
2015-03-19,sh.601998,7.4900,7.4900,7.3300,7.4300,7.5100,154174747,1139415888.0000,-1.065300,LL,Down
2015-03-20,sh.601998,7.4200,7.6800,7.2800,7.5000,7.4300,246074252,1839372624.0000,0.942100,LH,Up
2015-03-23,sh.601998,7.5100,7.5500,7.4300,7.5200,7.5000,202639532,1519987216.0000,0.266700,HH,Up
2015-03-24,sh.601998,7.4900,7.5800,7.3100,7.4100,7.5200,174446390,1295266448.0000,-1.462800,LL,Down
2015-03-25,sh.601998,7.3900,7.3900,7.2000,7.2300,7.4100,145919182,1061220192.0000,-2.429100,LL,Down
2015-03-26,sh.601998,7.1600,7.3500,7.1000,7.2300,7.2300,133764432,967912272.0000,0.000000,LH,Smooth
2015-03-27,sh.601998,7.2500,7.3600,7.1800,7.2900,7.2300,121648806,884858608.0000,0.829900,HH,Up
2015-03-30,sh.601998,7.3200,7.5200,7.2600,7.4600,7.2900,225446551,1671889088.0000,2.332000,HH,Up
2015-03-31,sh.601998,7.5500,7.6300,7.3200,7.3600,7.4600,211499145,1582740784.0000,-1.340500,HL,Down
2015-04-01,sh.601998,7.3600,7.4700,7.3000,7.4100,7.3600,132053203,975059744.0000,0.679300,SH,Up
2015-04-02,sh.601998,7.4300,7.4600,7.3000,7.3500,7.4100,134281421,987678064.0000,-0.809700,HL,Down
2015-04-03,sh.601998,7.3100,7.4200,7.2800,7.3900,7.3500,128888803,949282400.0000,0.544200,LH,Up
2015-04-07,sh.601998,7.4900,7.6600,7.4200,7.6100,7.3900,278491072,2100968880.0000,2.977000,HH,Up
2015-04-08,sh.601998,7.6500,7.8500,7.5600,7.8400,7.6100,350516448,2709343440.0000,3.022300,HH,Up
2015-04-09,sh.601998,7.8400,7.9800,7.6700,7.6900,7.8400,275668096,2148909616.0000,-1.913300,SL,Down
2015-04-10,sh.601998,7.6400,7.9000,7.5900,7.8400,7.6900,254817744,1983697856.0000,1.950600,LH,Up
2015-04-13,sh.601998,8.0100,8.1900,7.8600,8.0000,7.8400,295392896,2371766768.0000,2.040800,HL,Up
2015-04-14,sh.601998,7.9700,7.9700,7.7700,7.8600,8.0000,178745201,1404672336.0000,-1.750000,LL,Down
2015-04-15,sh.601998,7.8400,8.1700,7.8000,7.9300,7.8600,266782604,2135440432.0000,0.890600,LH,Up
2015-04-16,sh.601998,7.8500,8.2900,7.7700,8.2800,7.9300,267753412,2163734480.0000,4.413600,LH,Up
2015-04-17,sh.601998,8.3900,8.5000,8.1300,8.2700,8.2800,322225760,2666470208.0000,-0.120800,HL,Down
2015-04-20,sh.601998,8.3500,8.3500,7.9000,7.9300,8.2700,299943872,2439350000.0000,-4.111300,HL,Down
2015-04-21,sh.601998,7.9200,8.0600,7.8300,8.0300,7.9300,173504493,1379570080.0000,1.261000,LH,Up
2015-04-22,sh.601998,8.0700,8.2000,7.9900,8.1900,8.0300,245592077,1981031200.0000,1.992500,HH,Up
2015-04-23,sh.601998,8.1900,8.1900,7.9300,8.0500,8.1900,208879239,1683169760.0000,-1.709400,SL,Down
2015-04-24,sh.601998,7.8900,7.9400,7.7900,7.8900,8.0500,174473681,1371953696.0000,-1.987600,LS,Down
2015-04-27,sh.601998,7.9300,8.1200,7.9200,8.1100,7.8900,237420599,1908322592.0000,2.788300,HH,Up
2015-04-28,sh.601998,8.1500,8.6700,8.0800,8.2600,8.1100,460550544,3842074832.0000,1.849600,HH,Up
2015-04-29,sh.601998,8.2000,8.2000,7.9200,8.1000,8.2600,192515983,1553111344.0000,-1.937000,LL,Down
2015-04-30,sh.601998,8.1100,8.1500,7.9000,7.9200,8.1000,166029870,1329760208.0000,-2.222200,HL,Down
2015-05-04,sh.601998,7.9100,8.0300,7.8400,7.9500,7.9200,110576830,878471088.0000,0.378800,LH,Up
2015-05-05,sh.601998,7.9200,7.9400,7.4800,7.5100,7.9500,165242889,1273191328.0000,-5.534600,LL,Down
2015-05-06,sh.601998,7.5200,7.7000,7.2900,7.3600,7.5100,136475589,1026118320.0000,-1.997300,HL,Down
2015-05-07,sh.601998,7.3600,7.4800,7.2700,7.2900,7.3600,95840842,705476352.0000,-0.951100,SL,Down
2015-05-08,sh.601998,7.3700,7.4200,7.1800,7.3700,7.2900,101639306,743675824.0000,1.097400,HS,Up
2015-05-11,sh.601998,7.3700,7.5800,7.2800,7.5500,7.3700,145625069,1079391904.0000,2.442300,SH,Up
2015-05-12,sh.601998,7.5500,7.9600,7.4600,7.7800,7.5500,257273957,1991704480.0000,3.046400,SH,Up
2015-05-13,sh.601998,7.8000,7.8500,7.5500,7.6200,7.7800,153753281,1179119856.0000,-2.056600,HL,Down
2015-05-14,sh.601998,7.7000,7.7400,7.5700,7.6000,7.6200,117206793,895690560.0000,-0.262500,HL,Down
2015-05-15,sh.601998,7.5800,7.6000,7.3000,7.3500,7.6000,114673193,849859920.0000,-3.289500,LL,Down
2015-05-18,sh.601998,7.2900,7.3800,7.2200,7.2500,7.3500,76050110,554816272.0000,-1.360500,LL,Down
2015-05-19,sh.601998,7.2100,7.5000,7.2100,7.4700,7.2500,115698374,857313392.0000,3.034500,LH,Up
2015-05-20,sh.601998,7.5000,7.5900,7.3900,7.4200,7.4700,147938284,1107027520.0000,-0.669300,HL,Down
2015-05-21,sh.601998,7.4100,7.4600,7.3500,7.4200,7.4200,117582450,869429792.0000,0.000000,LH,Smooth
2015-05-22,sh.601998,7.4600,7.7500,7.4500,7.6600,7.4200,182957786,1386872176.0000,3.234500,HH,Up
2015-05-25,sh.601998,7.6800,7.8400,7.6800,7.8200,7.6600,206132106,1603211744.0000,2.088800,HH,Up
2015-05-26,sh.601998,7.8500,7.8900,7.7300,7.8800,7.8200,185204268,1445465888.0000,0.767300,HH,Up
2015-05-27,sh.601998,7.9100,7.9500,7.7600,7.8300,7.8800,155103192,1216107648.0000,-0.634500,HL,Down
2015-05-28,sh.601998,7.8200,8.0000,7.4400,7.4700,7.8300,292487408,2283190384.0000,-4.597700,LL,Down
2015-05-29,sh.601998,7.4700,7.5600,7.2000,7.3900,7.4700,175615230,1299567920.0000,-1.070900,SL,Down
2015-06-01,sh.601998,7.4000,7.7300,7.3000,7.7100,7.3900,182618099,1378175712.0000,4.330200,HH,Up
2015-06-02,sh.601998,7.6800,7.8000,7.5900,7.7400,7.7100,164771848,1265317136.0000,0.389100,LH,Up
2015-06-03,sh.601998,7.7500,7.9400,7.6100,7.8900,7.7400,259549774,2025031232.0000,1.938000,HH,Up
2015-06-04,sh.601998,7.8700,8.2900,7.7100,8.1100,7.8900,396851552,3194897792.0000,2.788300,LH,Up
2015-06-05,sh.601998,8.1900,8.2700,7.8500,8.0000,8.1100,313893312,2524702928.0000,-1.356300,HL,Down
2015-06-08,sh.601998,8.0400,8.5500,7.9900,8.4900,8.0000,469388000,3909880528.0000,6.125000,HH,Up
2015-06-09,sh.601998,8.5800,8.8200,8.3100,8.4900,8.4900,401446448,3442760272.0000,0.000000,HL,Smooth
2015-06-10,sh.601998,8.3700,8.4500,8.2500,8.3100,8.4900,202282786,1684101744.0000,-2.120100,LL,Down
2015-06-11,sh.601998,8.3200,8.3600,8.0600,8.1800,8.3100,183336874,1494145536.0000,-1.564400,HL,Down
2015-06-12,sh.601998,8.1800,8.4900,8.0700,8.4600,8.1800,274484832,2257717568.0000,3.423000,SH,Up
2015-06-15,sh.601998,8.4000,8.4000,8.0400,8.0800,8.4600,254000737,2088445184.0000,-4.491700,LL,Down
2015-06-16,sh.601998,8.0000,8.4100,7.9500,8.3700,8.0800,353929200,2920510192.0000,3.589100,LH,Up
2015-06-17,sh.601998,8.4900,8.9800,8.3600,8.5400,8.3700,552453456,4744168448.0000,2.031100,HH,Up
2015-06-18,sh.601998,8.3400,8.3600,8.0000,8.0100,8.5400,289485696,2367741328.0000,-6.206100,LL,Down
2015-06-19,sh.601998,7.8700,8.0000,7.3600,7.4400,8.0100,191798395,1489431056.0000,-7.116100,LL,Down
2015-06-23,sh.601998,7.5000,7.7200,7.1900,7.7100,7.4400,148792623,1122106480.0000,3.629000,HH,Up
2015-06-24,sh.601998,7.7100,8.0500,7.5800,7.9400,7.7100,176486777,1369265296.0000,2.983100,SH,Up
2015-06-25,sh.601998,8.1700,8.1900,7.5900,7.6600,7.9400,254061817,2020613200.0000,-3.526500,HL,Down
2015-06-26,sh.601998,7.4800,7.7000,6.8900,7.1700,7.6600,238766864,1749904720.0000,-6.396900,LL,Down
2015-06-29,sh.601998,7.3900,7.5400,6.5900,7.2600,7.1700,250884134,1821146416.0000,1.255200,HL,Up
2015-06-30,sh.601998,7.4000,7.8000,7.2000,7.7100,7.2600,259781530,1952036512.0000,6.198300,HH,Up
2015-07-01,sh.601998,7.6100,7.7500,7.3500,7.3800,7.7100,176599705,1337627456.0000,-4.280200,LL,Down
2015-07-02,sh.601998,7.8000,8.1200,7.3900,8.1200,7.3800,525850224,4106935008.0000,10.027100,HH,Up
2015-07-03,sh.601998,7.9100,8.1100,7.5100,7.6300,8.1200,310690448,2450928560.0000,-6.034500,LL,Down
2015-07-06,sh.601998,8.3000,8.3400,7.7600,8.2700,7.6300,645165152,5242015232.0000,8.387900,HL,Up
2015-07-07,sh.601998,8.0000,9.1000,8.0000,9.1000,8.2700,551000944,4789162752.0000,10.036300,LH,Up
2015-07-08,sh.601998,8.2800,9.6200,8.2000,9.4000,9.1000,754541264,6923373312.0000,3.296700,LH,Up
2015-07-09,sh.601998,9.4000,10.2500,8.6800,9.7900,9.4000,380264896,3597208048.0000,4.148900,SH,Up
2015-07-10,sh.601998,9.4100,10.5000,9.1800,9.7800,9.7900,433769232,4333943296.0000,-0.102100,LH,Down
2015-07-13,sh.601998,9.3800,9.5600,9.0600,9.2000,9.7800,343565792,3195025088.0000,-5.930500,LL,Down
2015-07-14,sh.601998,9.0000,10.0500,8.7100,9.9700,9.2000,442652208,4095573920.0000,8.369600,LH,Up
2015-07-15,sh.601998,9.6000,10.4700,9.5200,10.2800,9.9700,474877488,4814360832.0000,3.109300,LH,Up
2015-07-16,sh.601998,10.2800,10.5000,9.5500,9.8800,10.2800,326504896,3268463808.0000,-3.891000,SL,Down
2015-07-17,sh.601998,9.8800,10.0800,9.6000,9.8000,9.8800,251822182,2469467472.0000,-0.809700,SL,Down
2015-07-20,sh.601998,9.6500,10.2800,9.4700,9.9800,9.8000,331979456,3275561728.0000,1.836700,LH,Up
2015-07-21,sh.601998,9.7900,9.9600,9.5100,9.5300,9.9800,253813024,2457707264.0000,-4.509000,LL,Down
2015-07-22,sh.601998,9.3300,9.7400,9.2800,9.3600,9.5300,240358703,2272317024.0000,-1.783800,LH,Down
2015-07-23,sh.601998,9.2900,9.4600,9.2000,9.4200,9.3600,185482534,1736591584.0000,0.641000,LH,Up
2015-07-24,sh.601998,9.3900,9.6000,9.1000,9.2100,9.4200,215824219,2031298448.0000,-2.229300,LL,Down
2015-07-27,sh.601998,9.0200,9.1400,8.2900,8.3100,9.2100,251540952,2214232208.0000,-9.772000,LL,Down
2015-07-28,sh.601998,8.0000,8.7500,7.8500,8.2000,8.3100,243424448,2047426672.0000,-1.323700,LH,Down
2015-07-29,sh.601998,8.0200,8.1800,7.7500,8.1100,8.2000,172590159,1378066176.0000,-1.097600,LH,Down
2015-07-30,sh.601998,8.1200,8.1700,7.9000,7.9700,8.1100,143502933,1150154144.0000,-1.726300,HL,Down
2015-07-31,sh.601998,7.8800,7.9600,7.4300,7.6000,7.9700,117897718,911803104.0000,-4.642400,LL,Down
2015-08-03,sh.601998,7.4800,7.8800,7.3700,7.7100,7.6000,124551366,950459056.0000,1.447400,LH,Up
2015-08-04,sh.601998,7.6600,7.8200,7.5200,7.7900,7.7100,90283625,693559136.0000,1.037600,LH,Up
2015-08-05,sh.601998,7.7700,7.7700,7.6000,7.6100,7.7900,83833146,643039040.0000,-2.310700,LL,Down
2015-08-06,sh.601998,7.6000,7.7500,7.5200,7.6100,7.6100,62945929,482610048.0000,0.000000,LH,Smooth
2015-08-07,sh.601998,7.5800,7.7000,7.5700,7.6400,7.6100,75382770,574696032.0000,0.394200,LH,Up
2015-08-10,sh.601998,7.6400,7.9600,7.5600,7.8800,7.6400,132364319,1026455456.0000,3.141400,SH,Up
2015-08-11,sh.601998,7.8100,7.8600,7.7100,7.7900,7.8800,99702646,775975328.0000,-1.142100,LL,Down
2015-08-12,sh.601998,7.7000,7.7800,7.5900,7.6200,7.7900,74538802,570479792.0000,-2.182300,LL,Down
2015-08-13,sh.601998,7.5900,7.6700,7.5000,7.6300,7.6200,69362167,525574624.0000,0.131200,LH,Up
2015-08-14,sh.601998,7.6300,7.6700,7.5700,7.6000,7.6300,65960191,502502192.0000,-0.393200,SL,Down
2015-08-17,sh.601998,7.5800,7.5800,7.4000,7.4600,7.6000,76687604,571762560.0000,-1.842100,LL,Down
2015-08-18,sh.601998,7.4600,7.7800,7.4400,7.6000,7.4600,170275951,1298476928.0000,1.876700,SH,Up
2015-08-19,sh.601998,7.4200,7.6000,7.0700,7.4000,7.6000,134616538,984801872.0000,-2.631600,LL,Down
2015-08-20,sh.601998,7.4000,7.4000,7.0800,7.0900,7.4000,83523838,602093008.0000,-4.189200,SL,Down
2015-08-21,sh.601998,7.0100,7.1600,6.7400,6.7900,7.0900,85415700,592957104.0000,-4.231300,LL,Down
2015-08-24,sh.601998,6.6000,6.6900,6.1100,6.1100,6.7900,117260347,737787296.0000,-10.014700,LL,Down
2015-08-25,sh.601998,5.8300,6.0700,5.5000,5.5000,6.1100,147060415,845835184.0000,-9.983600,LL,Down
2015-08-26,sh.601998,5.6100,5.8800,5.4100,5.6500,5.5000,137831380,779771280.0000,2.727300,HH,Up
2015-08-27,sh.601998,5.7800,6.2200,5.6500,6.2200,5.6500,139189353,818356272.0000,10.088500,HH,Up
2015-08-28,sh.601998,6.3500,6.4800,6.2600,6.3700,6.2200,153157598,974983488.0000,2.411600,HH,Up
2015-08-31,sh.601998,6.2300,6.4500,6.0500,6.4000,6.3700,128883538,808237024.0000,0.471000,LH,Up
2015-09-01,sh.601998,6.2800,6.6700,6.1800,6.4200,6.4000,174011259,1126958944.0000,0.312500,LH,Up
2015-09-02,sh.601998,6.2000,6.6500,6.1200,6.2300,6.4200,166177066,1058736816.0000,-2.959500,LH,Down
2015-09-07,sh.601998,6.2200,6.2200,5.8100,5.8500,6.2300,115734283,700665760.0000,-6.099500,LL,Down
2015-09-08,sh.601998,5.7700,6.3500,5.7700,6.2600,5.8500,138400572,848971056.0000,7.008600,LH,Up
2015-09-09,sh.601998,6.1500,6.4100,6.1000,6.3800,6.2600,148140781,931381536.0000,1.916900,LH,Up
2015-09-10,sh.601998,6.2800,6.4500,6.1100,6.2400,6.3800,90577644,571288048.0000,-2.194400,LL,Down
2015-09-11,sh.601998,6.2000,6.2800,6.1300,6.1700,6.2400,53048412,328312128.0000,-1.121800,LL,Down
2015-09-14,sh.601998,6.1700,6.4200,5.9200,6.1200,6.1700,111665785,688609856.0000,-0.810400,SL,Down
2015-09-15,sh.601998,6.0000,6.4300,5.9500,6.1400,6.1200,163499411,1017899648.0000,0.326800,LH,Up
2015-09-16,sh.601998,6.0100,6.3400,5.9300,6.2400,6.1400,141759668,861451840.0000,1.628700,LH,Up
2015-09-17,sh.601998,6.1100,6.2600,6.0800,6.0900,6.2400,92884454,572859952.0000,-2.403800,LL,Down
2015-09-18,sh.601998,6.1000,6.1300,6.0400,6.0500,6.0900,41702720,253629020.0000,-0.656800,HL,Down
2015-09-21,sh.601998,5.9600,6.0800,5.9400,6.0500,6.0500,55346582,332062544.0000,0.000000,LH,Smooth
2015-09-22,sh.601998,6.0300,6.1900,6.0100,6.0900,6.0500,79602083,485632720.0000,0.661200,LH,Up
2015-09-23,sh.601998,6.0200,6.0500,5.9300,5.9500,6.0900,59709799,357170640.0000,-2.298900,LL,Down
2015-09-24,sh.601998,5.9600,6.0500,5.9400,5.9900,5.9500,33976652,203627885.0000,0.672300,HH,Up
2015-09-25,sh.601998,5.9500,6.0400,5.9300,6.0100,5.9900,65811843,394878480.0000,0.333900,LH,Up
2015-09-28,sh.601998,5.9600,5.9900,5.9300,5.9600,6.0100,34090431,203000543.0000,-0.831900,LS,Down
2015-09-29,sh.601998,5.9200,5.9500,5.8300,5.8700,5.9600,35488526,208871347.0000,-1.510100,LL,Down
2015-09-30,sh.601998,5.8500,5.9500,5.8500,5.8700,5.8700,29603784,174500885.0000,0.000000,LH,Smooth
2015-10-08,sh.601998,5.9800,6.0400,5.9000,5.9800,5.8700,54231645,324624544.0000,1.873900,HS,Up
2015-10-09,sh.601998,5.9800,6.0400,5.9600,6.0100,5.9800,49216777,295915616.0000,0.501700,SH,Up
2015-10-12,sh.601998,6.0400,6.3000,6.0100,6.1800,6.0100,121337611,746823328.0000,2.828600,HH,Up
2015-10-13,sh.601998,6.1500,6.2000,6.1000,6.1800,6.1800,57498115,354329344.0000,0.000000,LH,Smooth
2015-10-14,sh.601998,6.1500,6.3000,6.1300,6.2200,6.1800,91743155,569251968.0000,0.647200,LH,Up
2015-10-15,sh.601998,6.1800,6.3000,6.1600,6.2900,6.2200,97358765,608448784.0000,1.125400,LH,Up
2015-10-16,sh.601998,6.3200,6.4100,6.2700,6.3300,6.2900,93671605,593253600.0000,0.635900,HH,Up
2015-10-19,sh.601998,6.3400,6.4400,6.2600,6.3100,6.3300,98555165,625295600.0000,-0.316000,HL,Down
2015-10-20,sh.601998,6.2800,6.3300,6.2200,6.3100,6.3100,81608593,511893888.0000,0.000000,LH,Smooth
2015-10-21,sh.601998,6.3000,6.7900,6.2600,6.5900,6.3100,276608512,1810569232.0000,4.437400,LH,Up
2015-10-22,sh.601998,6.4400,6.6600,6.3300,6.5000,6.5900,141021205,912586112.0000,-1.365700,LH,Down
2015-10-23,sh.601998,6.4800,6.5600,6.4200,6.4900,6.5000,125483335,815356256.0000,-0.153800,LH,Down
2015-10-26,sh.601998,6.5300,6.6200,6.4100,6.4500,6.4900,109606689,714714512.0000,-0.616300,HL,Down
2015-10-27,sh.601998,6.4100,6.4800,6.3400,6.4000,6.4500,77779175,497621616.0000,-0.775200,LL,Down
2015-10-28,sh.601998,6.3400,6.5500,6.3300,6.4300,6.4000,112609288,726585984.0000,0.468700,LH,Up
2015-10-29,sh.601998,6.4100,6.4100,6.3400,6.3600,6.4300,60439480,385061472.0000,-1.088600,LL,Down
2015-10-30,sh.601998,6.3500,6.5200,6.3300,6.4000,6.3600,69917285,448208096.0000,0.628900,LH,Up
2015-11-02,sh.601998,6.3700,6.3900,6.2800,6.2900,6.4000,43742417,277742096.0000,-1.718800,LL,Down
2015-11-03,sh.601998,6.2800,6.3300,6.2100,6.2600,6.2900,46305984,290608096.0000,-0.476900,LL,Down
2015-11-04,sh.601998,6.2700,6.5300,6.2500,6.4900,6.2600,101533360,650444400.0000,3.674100,HH,Up
2015-11-05,sh.601998,6.4500,7.0200,6.4500,6.8000,6.4900,215255622,1465467984.0000,4.776600,LH,Up
2015-11-06,sh.601998,6.7100,6.9900,6.6100,6.9600,6.8000,141866727,967044128.0000,2.352900,LH,Up
2015-11-09,sh.601998,7.2000,7.6600,7.1000,7.6600,6.9600,133113135,1002610592.0000,10.057500,HH,Up
2015-11-10,sh.601998,7.6800,8.1000,7.4500,7.8300,7.6600,256517012,1985728592.0000,2.219300,HH,Up
2015-11-11,sh.601998,7.7000,7.8100,7.5100,7.6800,7.8300,140597462,1072818272.0000,-1.915700,LL,Down
2015-11-12,sh.601998,7.7700,7.8700,7.5500,7.6300,7.6800,108851831,835453376.0000,-0.651000,HL,Down
2015-11-13,sh.601998,7.5100,7.6600,7.4000,7.4400,7.6300,93305578,700621936.0000,-2.490200,LL,Down
2015-11-18,sh.601998,7.6000,8.1800,7.4900,8.1300,7.4400,312324912,2452120784.0000,9.274200,HH,Up
2015-11-19,sh.601998,8.0000,8.0000,7.7700,7.9000,8.1300,179366545,1409237344.0000,-2.829000,LL,Down
2015-11-20,sh.601998,7.8900,7.9500,7.6500,7.7400,7.9000,112911097,879824688.0000,-2.025300,LL,Down
2015-11-23,sh.601998,7.7000,7.8700,7.5900,7.7100,7.7400,96030005,740339488.0000,-0.387600,LH,Down
2015-11-24,sh.601998,7.6900,7.7000,7.5000,7.5600,7.7100,81114897,614470528.0000,-1.945500,LL,Down
2015-11-25,sh.601998,7.5200,7.6700,7.4800,7.5900,7.5600,63106873,476537440.0000,0.396800,LH,Up
2015-11-26,sh.601998,7.6100,7.9000,7.5600,7.5800,7.5900,99389360,764385568.0000,-0.131800,HL,Down
2015-11-27,sh.601998,7.5100,7.6300,6.9800,7.0500,7.5800,78707451,577581184.0000,-6.992100,LL,Down
2015-11-30,sh.601998,7.0900,7.4300,7.0100,7.2600,7.0500,110108046,795190112.0000,2.978700,HH,Up
2015-12-01,sh.601998,7.2200,7.2800,6.9300,7.1200,7.2600,83112402,588814640.0000,-1.928400,LL,Down
2015-12-02,sh.601998,7.0900,7.8300,7.0500,7.8300,7.1200,191420973,1450098688.0000,9.971900,LH,Up
2015-12-03,sh.601998,8.0000,8.4700,7.6900,7.9300,7.8300,271696432,2180027152.0000,1.277100,HL,Up
2015-12-04,sh.601998,7.7700,7.8900,7.6100,7.7000,7.9300,121459952,941263744.0000,-2.900400,LL,Down
2015-12-07,sh.601998,7.6700,7.7600,7.5000,7.6400,7.7000,82667428,629626096.0000,-0.779200,LL,Down
2015-12-08,sh.601998,7.6000,7.6100,7.3400,7.4600,7.6400,96621435,720499856.0000,-2.356000,LL,Down
2015-12-09,sh.601998,7.4100,7.6100,7.4000,7.5000,7.4600,75269852,565518672.0000,0.536200,LH,Up
2015-12-10,sh.601998,7.4500,7.8000,7.3100,7.3500,7.5000,99095409,741807136.0000,-2.000000,LL,Down
2015-12-11,sh.601998,7.3100,7.3700,7.1400,7.2700,7.3500,64198395,464890192.0000,-1.088400,LL,Down
2015-12-14,sh.601998,7.1600,7.6100,7.1300,7.5700,7.2700,91784739,679525200.0000,4.126600,LH,Up
2015-12-15,sh.601998,7.5200,7.5200,7.3000,7.3100,7.5700,72775884,537974656.0000,-3.434600,LL,Down
2015-12-16,sh.601998,7.3100,7.3600,7.2000,7.2600,7.3100,76630363,556258272.0000,-0.684000,SL,Down
2015-12-17,sh.601998,7.3200,7.5600,7.2400,7.4400,7.2600,117097891,868658368.0000,2.479300,HH,Up
2015-12-18,sh.601998,7.3800,7.8100,7.3400,7.4500,7.4400,190694373,1445736848.0000,0.134400,LH,Up
2015-12-21,sh.601998,7.3500,7.8000,7.3000,7.6000,7.4500,160593592,1215994592.0000,2.013400,LH,Up
2015-12-22,sh.601998,7.5300,7.5800,7.4200,7.5000,7.6000,93634694,700524800.0000,-1.315800,LL,Down
2015-12-23,sh.601998,7.4800,7.9800,7.4400,7.7100,7.5000,191169969,1467633712.0000,2.800000,LH,Up
2015-12-24,sh.601998,7.6300,7.7900,7.5000,7.6500,7.7100,116499917,890963600.0000,-0.778200,LH,Down
2015-12-25,sh.601998,7.6100,7.6900,7.5700,7.6400,7.6500,67149613,512377920.0000,-0.130700,LH,Down
2015-12-28,sh.601998,7.6300,7.6500,7.2500,7.2600,7.6400,118415118,877703392.0000,-4.973800,LL,Down
2015-12-29,sh.601998,7.2600,7.3400,7.2000,7.3100,7.2600,48857465,354800000.0000,0.688700,SH,Up
2015-12-30,sh.601998,7.2700,7.3300,7.2200,7.3200,7.3100,44786607,325959312.0000,0.136800,LH,Up
2015-12-31,sh.601998,7.3200,7.4400,7.2000,7.2200,7.3200,53857960,394754640.0000,-1.366100,SL,Down
2016-01-04,sh.601998,7.2200,7.2500,6.5900,6.7600,7.2200,60901131,425450016.0000,-6.371200,SL,Down
2016-01-05,sh.601998,6.5200,6.9400,6.5000,6.7600,6.7600,76941652,520894736.0000,0.000000,LH,Smooth
2016-01-06,sh.601998,6.7700,6.9000,6.6700,6.8400,6.7600,72730608,491360720.0000,1.183400,HH,Up
2016-01-07,sh.601998,6.7300,6.7500,6.3600,6.3900,6.8400,18724042,123130447.0000,-6.579000,LL,Down
2016-01-08,sh.601998,6.5300,6.6700,6.3200,6.5300,6.3900,88538990,578313712.0000,2.190900,HS,Up
2016-01-11,sh.601998,6.4300,6.8100,6.3700,6.5000,6.5300,109384018,722326720.0000,-0.459400,LH,Down
2016-01-12,sh.601998,6.6000,6.7400,6.4600,6.5200,6.5000,82166849,539591488.0000,0.307700,HL,Up
2016-01-13,sh.601998,6.5000,6.5200,6.2100,6.2700,6.5200,74194126,475564272.0000,-3.834400,LL,Down
2016-01-14,sh.601998,6.1500,6.3500,6.0900,6.3200,6.2700,65865492,409924176.0000,0.797500,LH,Up
2016-01-15,sh.601998,6.2600,6.3000,5.9400,6.0300,6.3200,71652043,437032512.0000,-4.588600,LL,Down
2016-01-18,sh.601998,5.9200,6.0700,5.8800,6.0300,6.0300,64888864,388163104.0000,0.000000,LH,Smooth
2016-01-19,sh.601998,6.0000,6.2600,5.9400,6.1900,6.0300,82852413,506400048.0000,2.653400,LH,Up
2016-01-20,sh.601998,6.1100,6.1600,6.0100,6.0800,6.1900,65631001,399058320.0000,-1.777100,LL,Down
2016-01-21,sh.601998,6.0300,6.5000,6.0000,6.1400,6.0800,117185193,728836336.0000,0.986800,LH,Up
2016-01-22,sh.601998,6.1600,6.1600,5.9700,6.1200,6.1400,74128757,450021888.0000,-0.325700,HL,Down
2016-01-25,sh.601998,6.0700,6.1400,5.9800,6.0600,6.1200,54164810,328437952.0000,-0.980400,LL,Down
2016-01-26,sh.601998,6.0000,6.0400,5.6000,5.6800,6.0600,62087112,363420256.0000,-6.270600,LL,Down
2016-01-27,sh.601998,5.6800,5.7600,5.4700,5.6000,5.6800,62327423,350664096.0000,-1.408400,SL,Down
2016-01-28,sh.601998,5.6100,5.6400,5.4200,5.4400,5.6000,45960540,254111648.0000,-2.857100,HL,Down
2016-01-29,sh.601998,5.3200,5.7300,5.3100,5.5500,5.4400,76150719,418488896.0000,2.022100,LH,Up
2016-02-01,sh.601998,5.4900,5.5300,5.3800,5.4600,5.5500,38209711,208655074.0000,-1.621600,LL,Down
2016-02-02,sh.601998,5.4700,5.6600,5.4500,5.5600,5.4600,42945275,238060506.0000,1.831500,HH,Up
2016-02-03,sh.601998,5.4900,5.5100,5.4000,5.4900,5.5600,29440630,160550976.0000,-1.259000,LS,Down
2016-02-04,sh.601998,5.5000,5.6500,5.4900,5.5700,5.4900,42101128,234392842.0000,1.457200,HH,Up
2016-02-05,sh.601998,5.5800,5.5900,5.5000,5.5200,5.5700,26093051,144588983.0000,-0.897700,HL,Down
2016-02-15,sh.601998,5.3600,5.4500,5.3200,5.4200,5.5200,29034708,156530454.0000,-1.811600,LH,Down
2016-02-16,sh.601998,5.4500,5.6200,5.4300,5.6100,5.4200,53530392,297892768.0000,3.505500,HH,Up
2016-02-17,sh.601998,5.6000,5.6800,5.5700,5.6500,5.6100,44808861,251775167.0000,0.713000,LH,Up
2016-02-18,sh.601998,5.6700,5.7200,5.6000,5.6300,5.6500,48185152,272873040.0000,-0.354000,HL,Down
2016-02-19,sh.601998,5.6200,5.6500,5.5500,5.6100,5.6300,33458702,187388344.0000,-0.355200,LL,Down
2016-02-22,sh.601998,5.6400,5.8500,5.6000,5.8000,5.6100,77309898,443334832.0000,3.386800,HH,Up
2016-02-23,sh.601998,5.7600,5.7800,5.6200,5.6700,5.8000,49455300,280973536.0000,-2.241400,LL,Down
2016-02-24,sh.601998,5.6400,5.7000,5.5800,5.7000,5.6700,35442806,200199308.0000,0.529100,LH,Up
2016-02-25,sh.601998,5.7000,5.8200,5.5000,5.6000,5.7000,106219363,599138896.0000,-1.754400,SL,Down
2016-02-26,sh.601998,5.5400,5.6200,5.5000,5.5800,5.6000,49628052,276209664.0000,-0.357100,LH,Down
2016-02-29,sh.601998,5.5600,5.5600,5.1500,5.3800,5.5800,79279586,422691136.0000,-3.584200,LL,Down
2016-03-01,sh.601998,5.3600,5.4800,5.2700,5.4100,5.3800,54160824,291086752.0000,0.557600,LH,Up
2016-03-02,sh.601998,5.4100,5.6300,5.3900,5.6200,5.4100,73341909,405568304.0000,3.881700,SH,Up
2016-03-03,sh.601998,5.6100,5.6600,5.5300,5.6500,5.6200,63124613,354054032.0000,0.533800,LH,Up
2016-03-04,sh.601998,5.6000,5.9800,5.5800,5.9500,5.6500,174305745,1018621056.0000,5.309700,LH,Up
2016-03-07,sh.601998,5.8700,5.9600,5.8100,5.8900,5.9500,77990883,458978560.0000,-1.008400,LH,Down
2016-03-08,sh.601998,5.8100,5.9300,5.6600,5.9200,5.8900,67854365,392852432.0000,0.509300,LH,Up
2016-03-09,sh.601998,5.8000,5.9100,5.7500,5.8900,5.9200,56604240,330586656.0000,-0.506800,LH,Down
2016-03-10,sh.601998,5.8400,5.8800,5.7400,5.7600,5.8900,28477603,165665350.0000,-2.207100,LL,Down
2016-03-11,sh.601998,5.6500,5.8200,5.6500,5.7900,5.7600,36776462,211390090.0000,0.520800,LH,Up
2016-03-14,sh.601998,5.8000,5.9100,5.7400,5.8200,5.7900,56862154,333093216.0000,0.518100,HH,Up
2016-03-15,sh.601998,5.8200,6.0000,5.7500,5.9300,5.8200,59906786,352503104.0000,1.890000,SH,Up
2016-03-16,sh.601998,5.8600,6.0500,5.8400,5.9500,5.9300,106193447,633272384.0000,0.337300,LH,Up
2016-03-17,sh.601998,5.8900,6.0500,5.8700,6.0000,5.9500,71930388,428180928.0000,0.840300,LH,Up
2016-03-18,sh.601998,5.9700,6.0400,5.9500,6.0000,6.0000,108772663,651614144.0000,0.000000,LH,Smooth
2016-03-21,sh.601998,6.0000,6.1800,5.9800,6.0900,6.0000,117336331,714669184.0000,1.500000,SH,Up
2016-03-22,sh.601998,6.0600,6.2700,6.0400,6.1700,6.0900,114552562,707863280.0000,1.313600,LH,Up
2016-03-23,sh.601998,6.1000,6.1600,6.0200,6.1100,6.1700,62760212,382295312.0000,-0.972400,LH,Down
2016-03-24,sh.601998,6.0800,6.0800,5.9900,6.0000,6.1100,43209499,260209088.0000,-1.800300,LL,Down
2016-03-25,sh.601998,5.9600,6.0200,5.9300,5.9800,6.0000,29818699,178209375.0000,-0.333300,LH,Down
2016-03-28,sh.601998,6.0000,6.0400,5.8900,5.9000,5.9800,34841945,207886768.0000,-1.337800,HL,Down
2016-03-29,sh.601998,5.9200,5.9700,5.8700,5.9000,5.9000,32160660,190247073.0000,0.000000,HL,Smooth
2016-03-30,sh.601998,5.9500,6.0900,5.9300,6.0800,5.9000,57719736,348551408.0000,3.050800,HH,Up
2016-03-31,sh.601998,6.1100,6.1300,6.0200,6.0700,6.0800,47885030,290483184.0000,-0.164500,HL,Down
2016-04-01,sh.601998,6.0600,6.1100,5.9500,6.0900,6.0700,48848510,295115984.0000,0.329500,LH,Up
2016-04-05,sh.601998,6.0400,6.1200,6.0100,6.1100,6.0900,59266863,359979680.0000,0.328400,LH,Up
2016-04-06,sh.601998,6.0700,6.0900,6.0000,6.0400,6.1100,40434730,244507887.0000,-1.145700,LL,Down
2016-04-07,sh.601998,6.0400,6.0600,5.9600,5.9600,6.0400,36116990,216761121.0000,-1.324500,SL,Down
2016-04-08,sh.601998,5.9600,6.0200,5.9200,5.9700,5.9600,32473107,194241717.0000,0.167800,SH,Up
2016-04-11,sh.601998,5.9600,6.0800,5.9600,6.0300,5.9700,36021339,217463128.0000,1.005000,LH,Up
2016-04-12,sh.601998,6.0300,6.0400,5.9600,6.0000,6.0300,18932782,113574161.0000,-0.497500,SL,Down
2016-04-13,sh.601998,6.0300,6.2200,6.0000,6.1200,6.0000,83323426,510617632.0000,2.000000,HH,Up
2016-04-14,sh.601998,6.1500,6.1800,6.0800,6.1200,6.1200,32643260,199520826.0000,0.000000,HL,Smooth
2016-04-15,sh.601998,6.1200,6.1900,6.1000,6.1400,6.1200,41481469,255162509.0000,0.326800,SH,Up
2016-04-18,sh.601998,6.1100,6.1100,6.0200,6.0300,6.1400,31215885,189004417.0000,-1.791500,LL,Down
2016-04-19,sh.601998,6.0700,6.0700,5.9600,5.9900,6.0300,32469333,194622462.0000,-0.663400,HL,Down
2016-04-20,sh.601998,6.0000,6.0100,5.7600,5.8900,5.9900,56577577,332615664.0000,-1.669400,HL,Down
2016-04-21,sh.601998,5.8600,5.9900,5.8200,5.8900,5.8900,38828586,229541769.0000,0.000000,LH,Smooth
2016-04-22,sh.601998,5.8700,5.9300,5.8500,5.9100,5.8900,24810679,146194645.0000,0.339600,LH,Up
2016-04-25,sh.601998,5.8900,5.9300,5.7900,5.8800,5.9100,23231469,136056010.0000,-0.507600,LL,Down
2016-04-26,sh.601998,5.8500,5.9300,5.8300,5.8900,5.8800,25011420,147067985.0000,0.170100,LH,Up
2016-04-27,sh.601998,5.9000,5.9200,5.8600,5.8700,5.8900,17215760,101333191.0000,-0.339600,HL,Down
2016-04-28,sh.601998,5.8900,5.9700,5.8500,5.9000,5.8700,36997696,218636996.0000,0.511100,HH,Up
2016-04-29,sh.601998,5.8600,5.9000,5.8500,5.8700,5.9000,24190366,141942849.0000,-0.508500,LH,Down
2016-05-03,sh.601998,5.8500,5.9800,5.8500,5.9700,5.8700,41912527,249049430.0000,1.703600,LH,Up
2016-05-04,sh.601998,6.0000,6.0000,5.9400,5.9700,5.9700,19177892,114338362.0000,0.000000,HL,Smooth
2016-05-05,sh.601998,5.9700,6.0000,5.9200,5.9700,5.9700,21494405,128110195.0000,0.000000,SS,Smooth
2016-05-06,sh.601998,5.9600,5.9800,5.8100,5.8200,5.9700,25713580,151930424.0000,-2.512600,LL,Down
2016-05-09,sh.601998,5.8200,5.8200,5.5400,5.6100,5.8200,37737931,214482585.0000,-3.608200,SL,Down
2016-05-10,sh.601998,5.5900,5.6200,5.5600,5.5800,5.6100,18160753,101432421.0000,-0.534800,LL,Down
2016-05-11,sh.601998,5.6000,5.6600,5.5300,5.6300,5.5800,29351035,164083791.0000,0.896100,HH,Up
2016-05-12,sh.601998,5.5900,5.6000,5.5300,5.5700,5.6300,21573396,119976230.0000,-1.065700,LL,Down
2016-05-13,sh.601998,5.5500,5.5900,5.4900,5.5100,5.5700,21340913,118246388.0000,-1.077200,LL,Down
2016-05-16,sh.601998,5.4900,5.5700,5.4800,5.5600,5.5100,17321583,95767117.0000,0.907400,LH,Up
2016-05-17,sh.601998,5.5500,5.5600,5.4700,5.5200,5.5600,23260795,128085591.0000,-0.719400,LL,Down
2016-05-18,sh.601998,5.5000,5.5500,5.4500,5.5400,5.5200,27640782,152113868.0000,0.362300,LH,Up
2016-05-19,sh.601998,5.5000,5.5400,5.4900,5.5000,5.5400,14467452,79769604.0000,-0.722000,LS,Down
2016-05-20,sh.601998,5.4800,5.5300,5.4800,5.5300,5.5000,10469012,57683164.0000,0.545500,LH,Up
2016-05-23,sh.601998,5.5100,5.5500,5.5100,5.5300,5.5300,10815810,59867833.0000,0.000000,LH,Smooth
2016-05-24,sh.601998,5.5300,5.5400,5.4700,5.4800,5.5300,12821816,70461949.0000,-0.904200,SL,Down
2016-05-25,sh.601998,5.5100,5.5400,5.4700,5.4900,5.4800,13874462,76428694.0000,0.182500,HL,Up
2016-05-26,sh.601998,5.4700,5.5100,5.4500,5.4900,5.4900,13603206,74468952.0000,0.000000,LH,Smooth
2016-05-27,sh.601998,5.4900,5.5800,5.4800,5.5400,5.4900,20031285,110811152.0000,0.910800,SH,Up
2016-05-30,sh.601998,5.5300,5.6000,5.5200,5.5900,5.5400,22400607,124838307.0000,0.902500,LH,Up
2016-05-31,sh.601998,5.5900,5.8300,5.5800,5.8000,5.5900,43619135,250850723.0000,3.756700,SH,Up
2016-06-01,sh.601998,5.7800,5.8100,5.7300,5.7800,5.8000,25490174,147207586.0000,-0.344800,LS,Down
2016-06-02,sh.601998,5.7700,5.7900,5.6900,5.7300,5.7800,28832233,164983485.0000,-0.865100,LL,Down
2016-06-03,sh.601998,5.7300,5.7500,5.6900,5.7200,5.7300,25130657,143720684.0000,-0.174500,SL,Down
2016-06-06,sh.601998,5.7200,5.7300,5.6600,5.6900,5.7200,20257789,115269253.0000,-0.524500,SL,Down
2016-06-07,sh.601998,5.6900,5.7100,5.6600,5.7100,5.6900,20026641,113851098.0000,0.351500,SH,Up
2016-06-08,sh.601998,5.6900,5.7000,5.6700,5.6900,5.7100,13728140,78037642.0000,-0.350300,LS,Down
2016-06-13,sh.601998,5.6600,5.6600,5.5000,5.5100,5.6900,26140369,146284259.0000,-3.163400,LL,Down
2016-06-14,sh.601998,5.5200,5.5800,5.5100,5.5700,5.5100,17494737,96976362.0000,1.088900,HH,Up
2016-06-15,sh.601998,5.5100,5.7000,5.5000,5.6100,5.5700,32323648,181576505.0000,0.718100,LH,Up
2016-06-16,sh.601998,5.5700,5.6300,5.5300,5.5700,5.6100,17899167,99986643.0000,-0.713000,LS,Down
2016-06-17,sh.601998,5.5700,5.6100,5.5300,5.5600,5.5700,26577869,148013703.0000,-0.179500,SL,Down
2016-06-20,sh.601998,5.5700,5.5800,5.5100,5.5500,5.5600,22433235,124150463.0000,-0.179900,HL,Down
2016-06-21,sh.601998,5.5500,5.6200,5.5400,5.5700,5.5500,23909318,133258161.0000,0.360400,SH,Up
2016-06-22,sh.601998,5.5700,5.6100,5.5400,5.6000,5.5700,16233818,90608392.0000,0.538600,SH,Up
2016-06-23,sh.601998,5.6000,5.6800,5.5900,5.6400,5.6000,24217721,136674838.0000,0.714300,SH,Up
2016-06-24,sh.601998,5.6300,5.7000,5.5000,5.5900,5.6400,34244601,192218959.0000,-0.886500,LL,Down
2016-06-27,sh.601998,5.5600,5.6200,5.5300,5.6000,5.5900,20942034,116791995.0000,0.178900,LH,Up
2016-06-28,sh.601998,5.5900,5.6000,5.5500,5.6000,5.6000,17033467,94978676.0000,0.000000,LH,Smooth
2016-06-29,sh.601998,5.6100,5.7000,5.5900,5.7000,5.6000,36795981,207826476.0000,1.785700,HH,Up
2016-06-30,sh.601998,5.6800,5.6900,5.6500,5.6700,5.7000,24018347,136056380.0000,-0.526300,LL,Down
2016-07-01,sh.601998,5.6700,5.6900,5.6500,5.6700,5.6700,22886745,129788707.0000,0.000000,SS,Smooth
2016-07-04,sh.601998,5.6700,5.7600,5.6500,5.7300,5.6700,37201800,212821377.0000,1.058200,SH,Up
2016-07-05,sh.601998,5.7300,5.7700,5.7200,5.7500,5.7300,28611937,164491960.0000,0.349000,SH,Up
2016-07-06,sh.601998,5.7400,5.7700,5.7100,5.7400,5.7500,26885110,154219401.0000,-0.173900,LS,Down
2016-07-07,sh.601998,5.7500,5.7800,5.7200,5.7600,5.7400,33749465,194039851.0000,0.348400,HH,Up
2016-07-08,sh.601998,5.7600,5.7600,5.7100,5.7200,5.7600,18405409,105287889.0000,-0.694500,SL,Down
2016-07-11,sh.601998,5.7200,5.7500,5.7100,5.7200,5.7200,25600507,146685363.0000,0.000000,SS,Smooth
2016-07-12,sh.601998,5.7200,5.8500,5.7000,5.8300,5.7200,46241795,267375051.0000,1.923100,SH,Up
2016-07-13,sh.601998,5.8500,6.2000,5.8500,5.9600,5.8300,86397058,518886016.0000,2.229800,HH,Up
2016-07-14,sh.601998,5.9600,6.1000,5.9400,6.0200,5.9600,41528650,250193626.0000,1.006700,SH,Up
2016-07-15,sh.601998,6.0300,6.1100,6.0000,6.0600,6.0200,38781397,235275018.0000,0.664500,HH,Up
2016-07-18,sh.601998,6.0700,6.3500,6.0600,6.2600,6.0600,70385602,437999440.0000,3.300300,HH,Up
2016-07-19,sh.601998,6.2300,6.2500,6.1100,6.1700,6.2600,32715627,201622570.0000,-1.437700,LL,Down
2016-07-20,sh.601998,6.1700,6.2000,6.0700,6.1300,6.1700,25428731,155411053.0000,-0.648300,SL,Down
2016-07-21,sh.601998,6.1200,6.1600,6.0700,6.1400,6.1300,22434899,137348124.0000,0.163100,LH,Up
2016-07-22,sh.601998,6.1200,6.1500,6.0900,6.1300,6.1400,23377343,143118215.0000,-0.162900,LH,Down
2016-07-25,sh.601998,5.8800,5.8900,5.7700,5.8500,5.9200,38998534,227198357.0000,-1.182400,LL,Down
2016-07-26,sh.601998,5.8200,5.9400,5.8100,5.9000,5.8500,25517850,149841908.0000,0.854700,LH,Up
2016-07-27,sh.601998,5.8900,5.9400,5.8000,5.9300,5.9000,47081319,276137856.0000,0.508500,LH,Up
2016-07-28,sh.601998,5.8600,5.9200,5.8400,5.8700,5.9300,26418776,155510580.0000,-1.011800,LH,Down
2016-07-29,sh.601998,5.8600,6.0200,5.8600,5.9900,5.8700,38635507,229818583.0000,2.044300,LH,Up
2016-08-01,sh.601998,6.0200,6.1400,5.9500,6.0200,5.9900,49960213,301019984.0000,0.500800,HS,Up
2016-08-02,sh.601998,5.9900,6.0400,5.9100,5.9500,6.0200,25392726,151498141.0000,-1.162800,LL,Down
2016-08-03,sh.601998,5.9200,5.9400,5.8900,5.9000,5.9500,14652117,86631872.0000,-0.840300,LL,Down
2016-08-04,sh.601998,5.9000,5.9200,5.8200,5.8900,5.9000,20812077,122228511.0000,-0.169500,SL,Down
2016-08-05,sh.601998,5.8900,6.0100,5.8600,5.9600,5.8900,37058759,220344173.0000,1.188500,SH,Up
2016-08-08,sh.601998,5.9400,6.0200,5.9100,6.0000,5.9600,22311124,133289918.0000,0.671100,LH,Up
2016-08-09,sh.601998,6.0000,6.0700,6.0000,6.0600,6.0000,24140871,145830511.0000,1.000000,SH,Up
2016-08-10,sh.601998,6.0500,6.0800,6.0100,6.0500,6.0600,19949176,120635902.0000,-0.165000,LS,Down
2016-08-11,sh.601998,6.0400,6.4500,6.0200,6.2300,6.0500,89878174,565138288.0000,2.975200,LH,Up
2016-08-12,sh.601998,6.2100,6.4900,6.2000,6.4300,6.2300,65585684,417806736.0000,3.210300,LH,Up
2016-08-15,sh.601998,6.4300,6.7500,6.3800,6.6700,6.4300,91009295,601629968.0000,3.732500,SH,Up
2016-08-16,sh.601998,6.6500,6.7100,6.4100,6.5800,6.6700,94019589,612794464.0000,-1.349300,LL,Down
2016-08-17,sh.601998,6.5100,6.6000,6.4500,6.5000,6.5800,42412282,276886784.0000,-1.215800,LL,Down
2016-08-18,sh.601998,6.4600,6.6300,6.4300,6.4800,6.5000,37903963,246192910.0000,-0.307700,LH,Down
2016-08-19,sh.601998,6.4800,6.4900,6.4300,6.4300,6.4800,21843652,141158730.0000,-0.771600,SL,Down
2016-08-22,sh.601998,6.4400,6.4900,6.3700,6.4400,6.4300,15649787,100762462.0000,0.155500,HS,Up
2016-08-23,sh.601998,6.4300,6.4800,6.3400,6.3900,6.4400,25085876,161185205.0000,-0.776400,LL,Down
2016-08-24,sh.601998,6.4000,6.4100,6.2800,6.3200,6.3900,37514126,237151119.0000,-1.095500,HL,Down
2016-08-25,sh.601998,6.3000,6.3500,6.2500,6.3400,6.3200,24249438,152969468.0000,0.316500,LH,Up
2016-08-26,sh.601998,6.3000,6.3800,6.2600,6.3700,6.3400,36138767,228602524.0000,0.473200,LH,Up
2016-08-29,sh.601998,6.3300,6.3500,6.2500,6.2800,6.3700,29777993,187137827.0000,-1.412900,LL,Down
2016-08-30,sh.601998,6.2800,6.3400,6.2600,6.3100,6.2800,21271856,134058540.0000,0.477700,SH,Up
2016-08-31,sh.601998,6.3000,6.4400,6.2900,6.3500,6.3100,26455321,168485940.0000,0.633900,LH,Up
2016-09-01,sh.601998,6.3400,6.4100,6.2900,6.3400,6.3500,29287464,186236121.0000,-0.157500,LS,Down
2016-09-02,sh.601998,6.3400,6.3700,6.2600,6.2900,6.3400,26053376,164396132.0000,-0.788600,SL,Down
2016-09-05,sh.601998,6.2800,6.3300,6.2700,6.3000,6.2900,19441917,122392725.0000,0.158986,LH,Up
2016-09-06,sh.601998,6.3000,6.3400,6.2300,6.2700,6.3000,30572221,191998632.0000,-0.476194,SL,Down
2016-09-07,sh.601998,6.2600,6.2700,6.2000,6.2300,6.2700,42958571,267393096.0000,-0.637958,LL,Down
2016-09-08,sh.601998,6.2200,6.2300,6.1800,6.2200,6.2300,30107780,186760537.0000,-0.160517,LS,Down
2016-09-09,sh.601998,6.2200,6.2200,6.1200,6.1300,6.2200,25808000,159094748.0000,-1.446940,SL,Down
2016-09-12,sh.601998,6.0800,6.0800,5.9600,5.9900,6.1300,47042436,282335536.0000,-2.283855,LL,Down
2016-09-13,sh.601998,6.0100,6.0200,5.9400,5.9500,5.9900,26210184,156526187.0000,-0.667779,HL,Down
2016-09-14,sh.601998,5.9400,5.9400,5.8400,5.8700,5.9500,43180586,253940134.0000,-1.344537,LL,Down
2016-09-19,sh.601998,5.8700,5.9500,5.8700,5.8800,5.8700,56724212,334798672.0000,0.170362,SH,Up
2016-09-20,sh.601998,5.8900,5.9200,5.8700,5.9100,5.8800,20421734,120237904.0000,0.510200,HH,Up
2016-09-21,sh.601998,5.8900,5.9600,5.8800,5.9400,5.9100,21612638,128243336.0000,0.507618,LH,Up
2016-09-22,sh.601998,5.9600,5.9800,5.9300,5.9500,5.9400,28242111,168227263.0000,0.168346,HL,Up
2016-09-23,sh.601998,5.9600,5.9700,5.9300,5.9600,5.9500,16268266,96857445.0000,0.168071,HS,Up
2016-09-26,sh.601998,5.9500,5.9500,5.8600,5.8700,5.9600,23361180,137700896.0000,-1.510070,LL,Down
2016-09-27,sh.601998,5.8600,5.9100,5.8000,5.9100,5.8700,17080879,100263361.0000,0.681430,LH,Up
2016-09-28,sh.601998,5.9100,5.9200,5.8700,5.8900,5.9100,10762959,63438907.0000,-0.338409,SL,Down
2016-09-29,sh.601998,5.9000,5.9700,5.8900,5.9400,5.8900,21430518,127354987.0000,0.848900,HH,Up
2016-09-30,sh.601998,5.9200,6.0300,5.9200,5.9800,5.9400,23654509,141597810.0000,0.673400,LH,Up
2016-10-10,sh.601998,5.9800,6.0200,5.9500,6.0100,5.9800,29317385,175360763.0000,0.501676,SH,Up
2016-10-11,sh.601998,6.0100,6.0200,5.9500,6.0000,6.0100,23563935,140897811.0000,-0.166393,SL,Down
2016-10-12,sh.601998,5.9700,6.0000,5.9600,5.9700,6.0000,13624323,81414624.0000,-0.500004,LS,Down
2016-10-13,sh.601998,5.9800,5.9900,5.9600,5.9700,5.9700,14082289,84102995.0000,0.000000,HL,Smooth
2016-10-14,sh.601998,5.9600,5.9700,5.9200,5.9600,5.9700,17331778,103020855.0000,-0.167500,LS,Down
2016-10-17,sh.601998,5.9600,6.0200,5.9300,5.9600,5.9600,25521706,152049461.0000,0.000000,SS,Smooth
2016-10-18,sh.601998,5.9500,6.0500,5.9500,6.0300,5.9600,39897616,239821358.0000,1.174500,LH,Up
2016-10-19,sh.601998,6.0300,6.0900,6.0000,6.0600,6.0300,26470010,160189656.0000,0.497508,SH,Up
2016-10-20,sh.601998,6.0600,6.1000,6.0300,6.0800,6.0600,20583233,124870146.0000,0.330033,SH,Up
2016-10-21,sh.601998,6.0700,6.1200,6.0600,6.1000,6.0800,18030561,109727770.0000,0.328947,LH,Up
2016-10-24,sh.601998,6.1600,6.2700,6.1100,6.1600,6.1000,52329163,323597072.0000,0.983606,HS,Up
2016-10-25,sh.601998,6.1500,6.1900,6.1400,6.1700,6.1600,18277606,112828801.0000,0.162341,LH,Up
2016-10-26,sh.601998,6.1500,6.1700,6.0800,6.0900,6.1700,19039593,116234328.0000,-1.296595,LL,Down
2016-10-27,sh.601998,6.0700,6.0800,6.0100,6.0500,6.0900,17801691,107596801.0000,-0.656814,LL,Down
2016-10-28,sh.601998,6.0500,6.1900,6.0400,6.1200,6.0500,26243149,160931568.0000,1.157020,SH,Up
2016-10-31,sh.601998,6.1000,6.1100,6.0400,6.0700,6.1200,14585955,88448817.0000,-0.816989,LL,Down
2016-11-01,sh.601998,6.0800,6.0900,6.0400,6.0900,6.0700,24641097,149470525.0000,0.329489,HH,Up
2016-11-02,sh.601998,6.0600,6.0700,5.9500,5.9600,6.0900,41767143,250860318.0000,-2.134649,LL,Down
2016-11-03,sh.601998,5.9500,6.0300,5.9500,6.0100,5.9600,32147874,192620290.0000,0.838929,LH,Up
2016-11-04,sh.601998,6.0000,6.1400,6.0000,6.0600,6.0100,45978886,279844464.0000,0.831942,LH,Up
2016-11-07,sh.601998,6.0300,6.0900,6.0300,6.0500,6.0600,16234904,98270622.0000,-0.165012,LH,Down
2016-11-08,sh.601998,6.0800,6.2100,6.0600,6.1800,6.0500,50929051,313530864.0000,2.148754,HH,Up
2016-11-09,sh.601998,6.1600,6.1800,6.0900,6.1300,6.1800,24146004,147988200.0000,-0.809057,LL,Down
2016-11-10,sh.601998,6.1600,6.2900,6.1500,6.2200,6.1300,42647305,266406268.0000,1.468184,HH,Up
2016-11-11,sh.601998,6.2100,6.3900,6.2000,6.3300,6.2200,52251803,328918832.0000,1.768491,LH,Up
2016-11-14,sh.601998,6.3000,6.5600,6.2800,6.4200,6.3300,59233306,381593312.0000,1.421803,LH,Up
2016-11-15,sh.601998,6.4000,6.4400,6.3000,6.3500,6.4200,23358633,148071341.0000,-1.090345,LL,Down
2016-11-16,sh.601998,6.3400,6.3500,6.2900,6.3300,6.3500,15558158,98326227.0000,-0.314960,LL,Down
2016-11-17,sh.601998,6.3100,6.3500,6.2700,6.3500,6.3300,16389150,103756981.0000,0.315956,LH,Up
2016-11-18,sh.601998,6.3300,6.3600,6.3000,6.3200,6.3500,17786430,112326425.0000,-0.472437,LL,Down
2016-11-21,sh.601998,6.3100,6.5300,6.2700,6.4500,6.3200,38150460,244991890.0000,2.056956,LH,Up
2016-11-22,sh.601998,6.4300,6.7400,6.4100,6.6100,6.4500,60188315,396332992.0000,2.480625,LH,Up
2016-11-23,sh.601998,6.5700,7.2200,6.5700,6.8900,6.6100,149282086,1028439280.0000,4.236002,LH,Up
2016-11-24,sh.601998,6.8100,6.9300,6.7300,6.9000,6.8900,46030232,314734864.0000,0.145141,LH,Up
2016-11-25,sh.601998,6.9000,7.0800,6.7900,6.9300,6.9000,54704978,378896096.0000,0.434779,SH,Up
2016-11-28,sh.601998,6.9400,7.2000,6.9000,6.9900,6.9300,81150331,572775472.0000,0.865800,HH,Up
2016-11-29,sh.601998,6.9600,7.0100,6.8300,6.9200,6.9900,48330813,334110080.0000,-1.001426,LL,Down
2016-11-30,sh.601998,6.8800,6.9000,6.6100,6.7200,6.9200,60424840,406749680.0000,-2.890177,LL,Down
2016-12-01,sh.601998,6.7200,6.8200,6.6500,6.7400,6.7200,44236057,298151840.0000,0.297619,SH,Up
2016-12-02,sh.601998,6.7400,6.7500,6.6300,6.7200,6.7400,41201644,275782400.0000,-0.296736,SL,Down
2016-12-05,sh.601998,6.6700,6.7300,6.6100,6.7200,6.7200,50066410,333843024.0000,0.000000,LH,Smooth
2016-12-06,sh.601998,6.6800,6.7900,6.6700,6.6800,6.7200,35794113,241375907.0000,-0.595238,LS,Down
2016-12-07,sh.601998,6.6800,6.7600,6.5500,6.6800,6.6800,50938393,337616176.0000,0.000000,SS,Smooth
2016-12-08,sh.601998,6.6800,6.9500,6.6600,6.9400,6.6800,53111002,362833584.0000,3.892219,SH,Up
2016-12-09,sh.601998,6.9000,7.5200,6.8400,7.1900,6.9400,113772362,820356640.0000,3.602305,LH,Up
2016-12-12,sh.601998,7.1900,7.3200,6.9000,7.1500,7.1900,76615130,544553472.0000,-0.556328,SL,Down
2016-12-13,sh.601998,7.0600,7.0800,6.9000,7.0300,7.1500,35115470,245212426.0000,-1.678320,LL,Down
2016-12-14,sh.601998,6.9700,7.2100,6.9300,7.0000,7.0300,53533749,378110768.0000,-0.426745,LH,Down
2016-12-15,sh.601998,6.9100,6.9700,6.6500,6.6600,7.0000,84151150,569544160.0000,-4.857145,LL,Down
2016-12-16,sh.601998,6.6200,6.7400,6.6100,6.7200,6.6600,36505909,243587034.0000,0.900900,LH,Up
2016-12-19,sh.601998,6.6700,6.6800,6.5800,6.6300,6.7200,26451868,175558529.0000,-1.339281,LL,Down
2016-12-20,sh.601998,6.6300,6.6300,6.4000,6.4600,6.6300,49605755,320114704.0000,-2.564104,SL,Down
2016-12-21,sh.601998,6.4600,6.6000,6.4500,6.5600,6.4600,25647999,167515889.0000,1.547986,SH,Up
2016-12-22,sh.601998,6.5600,6.5700,6.4900,6.5500,6.5600,16783971,109561008.0000,-0.152435,SL,Down
2016-12-23,sh.601998,6.5500,6.5500,6.4300,6.5000,6.5500,19723245,127960050.0000,-0.763362,SL,Down
2016-12-26,sh.601998,6.4800,6.5200,6.3800,6.5200,6.5000,17830600,114859702.0000,0.307692,LH,Up
2016-12-27,sh.601998,6.5100,6.5100,6.4100,6.4300,6.5200,19578353,126451633.0000,-1.380370,LL,Down
2016-12-28,sh.601998,6.4300,6.4500,6.2900,6.3300,6.4300,27122051,172668080.0000,-1.555208,SL,Down
2016-12-29,sh.601998,6.3200,6.4200,6.3000,6.3600,6.3300,20256276,129008887.0000,0.473937,LH,Up
2016-12-30,sh.601998,6.3500,6.4600,6.3500,6.4100,6.3600,22253911,142280689.0000,0.786159,LH,Up
2017-01-03,sh.601998,6.4400,6.7600,6.4200,6.7500,6.4100,69857877,464410176.0000,5.304215,HH,Up
2017-01-04,sh.601998,6.7500,6.9900,6.7200,6.7500,6.7500,50979135,347831856.0000,0.000000,SS,Smooth
2017-01-05,sh.601998,6.7500,6.9000,6.6900,6.7900,6.7500,22945492,156136860.0000,0.592592,SH,Up
2017-01-06,sh.601998,6.7500,6.8500,6.6200,6.7900,6.7900,26949231,180929075.0000,0.000000,LH,Smooth
2017-01-09,sh.601998,6.7500,6.8500,6.7200,6.8400,6.7900,25537597,173804140.0000,0.736380,LH,Up
2017-01-10,sh.601998,6.8300,6.8400,6.6900,6.7000,6.8400,16899175,114012919.0000,-2.046789,LL,Down
2017-01-11,sh.601998,6.7200,6.8000,6.6400,6.6600,6.7000,13766305,92238987.0000,-0.597014,HL,Down
2017-01-12,sh.601998,6.6800,6.6900,6.6100,6.6600,6.6600,12084707,80409395.0000,0.000000,HL,Smooth
2017-01-13,sh.601998,6.6600,6.9600,6.6300,6.7700,6.6600,51085280,347237280.0000,1.651654,SH,Up
2017-01-16,sh.601998,6.7800,6.9200,6.6000,6.8700,6.7700,71828013,486536672.0000,1.477103,HH,Up
2017-01-17,sh.601998,6.8000,6.9000,6.7400,6.8200,6.8700,29151187,198875384.0000,-0.727798,LH,Down
2017-01-18,sh.601998,6.7800,6.8900,6.7800,6.8900,6.8200,31533573,215896466.0000,1.026388,LH,Up
2017-01-19,sh.601998,6.8900,6.9500,6.8400,6.8700,6.8900,26186498,180674002.0000,-0.290276,SL,Down
2017-01-20,sh.601998,6.8400,6.9400,6.8200,6.9200,6.8700,26822976,184315159.0000,0.727805,LH,Up
2017-01-23,sh.601998,6.9100,6.9300,6.8500,6.9200,6.9200,15310043,105612352.0000,0.000000,LH,Smooth
2017-01-24,sh.601998,6.9100,6.9700,6.8700,6.9300,6.9200,24045549,166219130.0000,0.144505,LH,Up
2017-01-25,sh.601998,6.9100,6.9500,6.8600,6.9200,6.9300,19225348,132606683.0000,-0.144297,LH,Down
2017-01-26,sh.601998,6.9200,7.0200,6.9000,6.9800,6.9200,28835194,201465851.0000,0.867051,SH,Up
2017-02-03,sh.601998,6.9700,7.0000,6.8600,6.8700,6.9800,16981626,117476602.0000,-1.575933,LL,Down
2017-02-06,sh.601998,6.8900,6.9100,6.7300,6.8200,6.8700,26730808,181782820.0000,-0.727798,HL,Down
2017-02-07,sh.601998,6.8100,6.8400,6.7400,6.8000,6.8200,25161518,170621845.0000,-0.293255,LL,Down
2017-02-08,sh.601998,6.7900,6.8300,6.7500,6.8200,6.8000,23765352,161246426.0000,0.294117,LH,Up
2017-02-09,sh.601998,6.8100,6.8700,6.7800,6.8500,6.8200,31135013,212588214.0000,0.439879,LH,Up
2017-02-10,sh.601998,6.8400,6.9200,6.8200,6.8500,6.8500,34805262,238736930.0000,0.000000,LH,Smooth
2017-02-13,sh.601998,6.8500,6.9900,6.8500,6.9800,6.8500,41801287,290507824.0000,1.897812,SH,Up
2017-02-14,sh.601998,6.9700,6.9800,6.9000,6.9200,6.9800,25950894,179594612.0000,-0.859598,LL,Down
2017-02-15,sh.601998,6.9300,7.0800,6.9100,7.0500,6.9200,60084710,421269504.0000,1.878614,HH,Up
2017-02-16,sh.601998,7.0800,7.1000,6.9600,7.0500,7.0500,35922462,252273622.0000,0.000000,HL,Smooth
2017-02-17,sh.601998,7.0400,7.0400,6.8900,6.9000,7.0500,24455620,170782336.0000,-2.127661,LL,Down
2017-02-20,sh.601998,6.8800,7.0700,6.8800,7.0500,6.9000,55067336,385988368.0000,2.173914,LH,Up
2017-02-21,sh.601998,7.0400,7.1300,7.0100,7.0700,7.0500,45633782,323450336.0000,0.283688,LH,Up
2017-02-22,sh.601998,7.0800,7.1100,6.9900,7.0800,7.0700,28417761,200125116.0000,0.141439,HS,Up
2017-02-23,sh.601998,7.0600,7.1200,7.0100,7.0400,7.0800,18430543,130034429.0000,-0.564971,LL,Down
2017-02-24,sh.601998,7.0500,7.0600,6.9200,6.9500,7.0400,33783898,235197491.0000,-1.278411,HL,Down
2017-02-27,sh.601998,6.9400,6.9600,6.8800,6.9000,6.9500,33192957,229299167.0000,-0.719420,LL,Down
2017-02-28,sh.601998,6.8900,6.9400,6.8500,6.9000,6.9000,24552788,169224231.0000,0.000000,LH,Smooth
2017-03-01,sh.601998,6.8900,6.9700,6.8600,6.9200,6.9000,31226080,216204342.0000,0.289855,LH,Up
2017-03-02,sh.601998,6.9300,6.9400,6.8500,6.8600,6.9200,29330285,202197584.0000,-0.867051,HL,Down
2017-03-03,sh.601998,6.8300,6.8700,6.8000,6.8400,6.8600,13297191,90796879.0000,-0.291545,LH,Down
2017-03-06,sh.601998,6.8200,6.8400,6.7400,6.8200,6.8400,33078269,224659497.0000,-0.292397,LS,Down
2017-03-07,sh.601998,6.7900,6.8300,6.7800,6.8200,6.8200,11741905,79936013.0000,0.000000,LH,Smooth
2017-03-08,sh.601998,6.8000,6.8300,6.7600,6.8200,6.8200,14025075,95324265.0000,0.000000,LH,Smooth
2017-03-09,sh.601998,6.8000,6.8100,6.7500,6.7600,6.8200,13431649,91096006.0000,-0.879765,LL,Down
2017-03-10,sh.601998,6.7600,6.7800,6.6800,6.7000,6.7600,18399480,123566037.0000,-0.887580,SL,Down
2017-03-13,sh.601998,6.7000,6.7600,6.6700,6.7600,6.7000,18455503,123980914.0000,0.895529,SH,Up
2017-03-14,sh.601998,6.7400,6.8200,6.7100,6.8200,6.7600,27849521,188737052.0000,0.887573,LH,Up
2017-03-15,sh.601998,6.7900,6.8300,6.7100,6.7600,6.8200,21310602,144275439.0000,-0.879765,LL,Down
2017-03-16,sh.601998,6.7500,6.8500,6.7500,6.7700,6.7600,36875382,250574983.0000,0.147925,LH,Up
2017-03-17,sh.601998,6.7800,6.8100,6.7100,6.7200,6.7700,29875964,202028896.0000,-0.738555,HL,Down
2017-03-20,sh.601998,6.7300,6.7400,6.6200,6.6500,6.7200,25677782,171062423.0000,-1.041662,HL,Down
2017-03-21,sh.601998,6.6500,6.6900,6.6100,6.6800,6.6500,18596956,123463597.0000,0.451124,SH,Up
2017-03-22,sh.601998,6.6500,6.6500,6.5400,6.5500,6.6800,28716334,188901186.0000,-1.946102,LL,Down
2017-03-23,sh.601998,6.5800,6.7000,6.5700,6.6600,6.5500,29903255,198529671.0000,1.679384,HH,Up
2017-03-24,sh.601998,6.6400,6.7200,6.5800,6.7000,6.6600,29143187,193569722.0000,0.600600,LH,Up
2017-03-27,sh.601998,6.6800,6.7600,6.6700,6.7300,6.7000,25010573,168142886.0000,0.447764,LH,Up
2017-03-28,sh.601998,6.7200,6.7300,6.6100,6.6400,6.7300,21210307,141238123.0000,-1.337298,LL,Down
2017-03-29,sh.601998,6.6400,6.6700,6.5500,6.6000,6.6400,26360638,174133075.0000,-0.602409,SL,Down
2017-03-30,sh.601998,6.5800,6.6400,6.5600,6.6300,6.6000,18346277,121180011.0000,0.454549,LH,Up
2017-03-31,sh.601998,6.6100,6.7300,6.5900,6.7100,6.6300,34936868,233092659.0000,1.206635,LH,Up
2017-04-05,sh.601998,6.6800,6.7700,6.6600,6.7600,6.7100,31480069,211454246.0000,0.745159,LH,Up
2017-04-06,sh.601998,6.7600,6.7600,6.6900,6.7300,6.7600,22047487,148231687.0000,-0.443790,SL,Down
2017-04-07,sh.601998,6.7400,6.7500,6.6800,6.7500,6.7300,20480576,137811437.0000,0.297177,HH,Up
2017-04-10,sh.601998,6.7400,6.7600,6.6100,6.6600,6.7500,22354623,149353023.0000,-1.333336,LL,Down
2017-04-11,sh.601998,6.6300,6.7100,6.6300,6.7000,6.6600,19372347,129395232.0000,0.600600,LH,Up
2017-04-12,sh.601998,6.6900,6.7400,6.6300,6.6700,6.7000,24060420,160522148.0000,-0.447757,LL,Down
2017-04-13,sh.601998,6.6400,6.6600,6.5900,6.6100,6.6700,20094608,133016885.0000,-0.899549,LL,Down
2017-04-14,sh.601998,6.6000,6.6200,6.4500,6.5100,6.6100,30540953,198826032.0000,-1.512858,LL,Down
2017-04-17,sh.601998,6.4900,6.4900,6.3100,6.4000,6.5100,45682628,291096288.0000,-1.689710,LL,Down
2017-04-18,sh.601998,6.3700,6.3800,6.2500,6.2500,6.4000,29711087,187731027.0000,-2.343751,LL,Down
2017-04-19,sh.601998,6.2300,6.2400,6.1400,6.1700,6.2500,38264414,236221705.0000,-1.279999,LL,Down
2017-04-20,sh.601998,6.1500,6.1900,6.0700,6.1300,6.1700,32343687,198006078.0000,-0.648298,LL,Down
2017-04-21,sh.601998,6.1200,6.2500,6.1100,6.2400,6.1300,28411067,176287826.0000,1.794448,LH,Up
2017-04-24,sh.601998,6.2700,6.2700,6.1400,6.1700,6.2400,25692964,159396978.0000,-1.121790,HL,Down
2017-04-25,sh.601998,6.1800,6.2300,6.1600,6.1900,6.1700,18083747,112148487.0000,0.324149,HH,Up
2017-04-26,sh.601998,6.1800,6.1800,5.9800,6.0200,6.1900,81926241,496251440.0000,-2.746366,LL,Down
2017-04-27,sh.601998,5.9800,6.0100,5.8700,6.0000,6.0200,49309269,292710896.0000,-0.332226,LH,Down
2017-04-28,sh.601998,6.0000,6.0200,5.9700,6.0200,6.0000,21371926,128141249.0000,0.333333,SH,Up
2017-05-02,sh.601998,6.0100,6.0300,5.9500,5.9700,6.0200,17520651,104872076.0000,-0.830568,LL,Down
2017-05-03,sh.601998,5.9700,5.9700,5.9000,5.9100,5.9700,23738285,140627787.0000,-1.005024,SL,Down
2017-05-04,sh.601998,5.9000,5.9100,5.8200,5.8700,5.9100,38672243,226932156.0000,-0.676818,LL,Down
2017-05-05,sh.601998,5.8500,5.8600,5.7900,5.8400,5.8700,29776701,173054462.0000,-0.511069,LL,Down
2017-05-08,sh.601998,5.8300,5.8900,5.8100,5.8700,5.8400,28293010,165492743.0000,0.513694,LH,Up
2017-05-09,sh.601998,5.8700,5.9000,5.8400,5.8900,5.8700,19584857,115066091.0000,0.340715,SH,Up
2017-05-10,sh.601998,5.8800,5.9800,5.8600,5.8900,5.8900,45033412,266632351.0000,0.000000,LH,Smooth
2017-05-11,sh.601998,5.8600,5.9800,5.8500,5.9700,5.8900,41839017,248183503.0000,1.358233,LH,Up
2017-05-12,sh.601998,5.9600,6.1500,5.9400,6.1400,5.9700,63724716,386530016.0000,2.847573,LH,Up
2017-05-15,sh.601998,6.1300,6.1800,6.0600,6.0700,6.1400,39337576,239891476.0000,-1.140060,LL,Down
2017-05-16,sh.601998,6.0500,6.0700,5.9900,6.0600,6.0700,37601467,226520422.0000,-0.164748,LH,Down
2017-05-17,sh.601998,6.0600,6.0600,5.9900,6.0100,6.0600,23259714,139945299.0000,-0.825078,SL,Down
2017-05-18,sh.601998,5.9800,6.0100,5.9000,5.9300,6.0100,25320992,150873011.0000,-1.331121,LL,Down
2017-05-19,sh.601998,5.9200,5.9600,5.9000,5.9400,5.9300,15262226,90517733.0000,0.168638,LH,Up
2017-05-22,sh.601998,5.9500,5.9700,5.8600,5.8900,5.9400,21933273,129728695.0000,-0.841754,HL,Down
2017-05-23,sh.601998,5.8900,6.0500,5.8800,6.0100,5.8900,45462767,272123696.0000,2.037358,SH,Up
2017-05-24,sh.601998,5.9900,6.0400,5.9300,5.9900,6.0100,30324746,181108598.0000,-0.332786,LS,Down
2017-05-25,sh.601998,5.9500,6.2700,5.9400,6.2000,5.9900,107227333,660220432.0000,3.505844,LH,Up
2017-05-26,sh.601998,6.1700,6.2100,6.1300,6.1800,6.2000,49802286,307282384.0000,-0.322580,LH,Down
2017-05-31,sh.601998,6.1500,6.2400,6.1400,6.1900,6.1800,44684875,276324048.0000,0.161816,LH,Up
2017-06-01,sh.601998,6.1600,6.2000,6.0800,6.1900,6.1900,54506993,334195952.0000,0.000000,LH,Smooth
2017-06-02,sh.601998,6.1600,6.1900,6.0900,6.1100,6.1900,62165283,381119488.0000,-1.292406,LL,Down
2017-06-05,sh.601998,6.0900,6.1100,6.0400,6.0600,6.1100,37382738,226807189.0000,-0.818334,LL,Down
2017-06-06,sh.601998,6.0400,6.1000,6.0400,6.0900,6.0600,22146927,134442529.0000,0.495053,LH,Up
2017-06-07,sh.601998,6.0800,6.1500,6.0700,6.1100,6.0900,45419050,277679776.0000,0.328407,LH,Up
2017-06-08,sh.601998,6.1000,6.1300,6.0600,6.1100,6.1100,30161116,183629455.0000,0.000000,LH,Smooth
2017-06-09,sh.601998,6.1100,6.2300,6.1000,6.1700,6.1100,68940261,425851680.0000,0.981996,SH,Up
2017-06-12,sh.601998,6.1600,6.2300,6.1000,6.1300,6.1700,37309203,230045078.0000,-0.648298,LL,Down
2017-06-13,sh.601998,6.1100,6.1300,6.0900,6.1200,6.1300,23786418,145264835.0000,-0.163136,LH,Down
2017-06-14,sh.601998,6.1100,6.1200,6.0700,6.1000,6.1200,20019549,121924817.0000,-0.326797,LL,Down
2017-06-15,sh.601998,6.1000,6.1400,6.0700,6.1100,6.1000,24739055,151027759.0000,0.163938,SH,Up
2017-06-16,sh.601998,6.1000,6.1400,6.0800,6.1100,6.1100,25870723,158060408.0000,0.000000,LH,Smooth
2017-06-19,sh.601998,6.1200,6.1600,6.1000,6.1500,6.1100,25175470,154512290.0000,0.654664,HH,Up
2017-06-20,sh.601998,6.1500,6.1700,6.0900,6.1200,6.1500,26544348,162195635.0000,-0.487808,SL,Down
2017-06-21,sh.601998,6.1300,6.1400,6.0900,6.1300,6.1200,22906381,140075445.0000,0.163402,HS,Up
2017-06-22,sh.601998,6.1300,6.2600,6.1100,6.1700,6.1300,78846431,489100304.0000,0.652528,SH,Up
2017-06-23,sh.601998,6.1500,6.2100,6.1100,6.2100,6.1700,40547638,249681951.0000,0.648298,LH,Up
2017-06-26,sh.601998,6.1900,6.2800,6.1900,6.2500,6.2100,48206994,300998304.0000,0.644122,LH,Up
2017-06-27,sh.601998,6.2300,6.2900,6.2000,6.2800,6.2500,35513966,221968771.0000,0.480003,LH,Up
2017-06-28,sh.601998,6.2700,6.3800,6.2300,6.3100,6.2800,52184882,329181232.0000,0.477703,LH,Up
2017-06-29,sh.601998,6.3000,6.3200,6.2600,6.3000,6.3100,28420166,178817165.0000,-0.158475,LS,Down
2017-06-30,sh.601998,6.2700,6.3000,6.2300,6.2900,6.3000,24612995,154063942.0000,-0.158734,LH,Down
2017-07-03,sh.601998,6.2700,6.2900,6.2200,6.2600,6.2900,25392558,158628580.0000,-0.476943,LL,Down
2017-07-04,sh.601998,6.2500,6.2600,6.1800,6.2000,6.2600,47666458,295587664.0000,-0.958473,LL,Down
2017-07-05,sh.601998,6.2000,6.2600,6.1800,6.2500,6.2000,25662903,159754886.0000,0.806455,SH,Up
2017-07-06,sh.601998,6.2500,6.2500,6.2000,6.2200,6.2500,30961234,192812350.0000,-0.480003,SL,Down
2017-07-07,sh.601998,6.2100,6.2300,6.1900,6.2100,6.2200,26950677,167342728.0000,-0.160768,LS,Down
2017-07-10,sh.601998,6.2000,6.2300,6.1900,6.2000,6.2100,35355774,219307100.0000,-0.161034,LS,Down
2017-07-11,sh.601998,6.2000,6.3800,6.1900,6.3200,6.2000,88121658,555264832.0000,1.935490,SH,Up
2017-07-12,sh.601998,6.3100,6.6300,6.3100,6.4300,6.3200,119340070,771043280.0000,1.740501,LH,Up
2017-07-13,sh.601998,6.3900,6.5600,6.3800,6.5400,6.4300,82428475,534761024.0000,1.710733,LH,Up
2017-07-14,sh.601998,6.5600,6.7200,6.5000,6.6800,6.5400,117677411,776700672.0000,2.140671,HH,Up
2017-07-17,sh.601998,6.7000,7.3500,6.5800,7.0900,6.6800,260554365,1822763968.0000,6.137730,HH,Up
2017-07-18,sh.601998,7.0200,7.0600,6.8500,7.0300,7.0900,110222886,768968864.0000,-0.846261,LH,Down
2017-07-19,sh.601998,6.9700,7.1500,6.9500,6.9900,7.0300,118110197,830682432.0000,-0.568996,LH,Down
2017-07-20,sh.601998,6.9900,7.1000,6.9400,7.0700,6.9900,96201853,675656976.0000,1.144498,SH,Up
2017-07-21,sh.601998,7.0400,7.0500,6.9400,7.0100,7.0700,73294593,511617744.0000,-0.848656,LL,Down
2017-07-24,sh.601998,6.8100,6.8300,6.7100,6.7700,6.8000,77188243,523669632.0000,-0.441180,HL,Down
2017-07-25,sh.601998,6.7700,6.8500,6.7200,6.7400,6.7700,66837931,453365120.0000,-0.443134,SL,Down
2017-07-26,sh.601998,6.7200,6.8400,6.6200,6.6800,6.7400,77009401,517495520.0000,-0.890207,LL,Down
2017-07-27,sh.601998,6.6700,6.7200,6.6100,6.6500,6.6800,46814890,311968128.0000,-0.449098,LL,Down
2017-07-28,sh.601998,6.6400,6.6900,6.6200,6.6700,6.6500,32787138,218007226.0000,0.300752,LH,Up
2017-07-31,sh.601998,6.6700,6.6900,6.6000,6.6500,6.6700,48223326,319935024.0000,-0.299850,SL,Down
2017-08-01,sh.601998,6.6500,6.7500,6.6300,6.7400,6.6500,74514952,498986560.0000,1.353379,SH,Up
2017-08-02,sh.601998,6.7300,6.8300,6.7100,6.7400,6.7400,86702570,585834944.0000,0.000000,LH,Smooth
2017-08-03,sh.601998,6.7300,6.7300,6.5300,6.5600,6.7400,75923143,501463872.0000,-2.670621,LL,Down
2017-08-04,sh.601998,6.5600,6.5800,6.5000,6.5000,6.5600,43786418,285858144.0000,-0.914633,SL,Down
2017-08-07,sh.601998,6.4500,6.5000,6.4400,6.5000,6.5000,25497781,165097372.0000,0.000000,LH,Smooth
2017-08-08,sh.601998,6.5000,6.5500,6.4700,6.5400,6.5000,25776511,168164475.0000,0.615384,SH,Up
2017-08-09,sh.601998,6.5200,6.5500,6.4700,6.5100,6.5400,28669522,186663683.0000,-0.458711,LL,Down
2017-08-10,sh.601998,6.5000,6.5400,6.4200,6.4500,6.5100,36694927,237484995.0000,-0.921665,LL,Down
2017-08-11,sh.601998,6.4100,6.4300,6.2300,6.3100,6.4500,66194430,417415936.0000,-2.170541,LL,Down
2017-08-14,sh.601998,6.2800,6.3300,6.2700,6.3200,6.3100,26440224,166561483.0000,0.158482,LH,Up
2017-08-15,sh.601998,6.3200,6.4700,6.3000,6.4000,6.3200,53182615,339964624.0000,1.265821,SH,Up
2017-08-16,sh.601998,6.3600,6.3700,6.2900,6.3200,6.4000,35547948,224397599.0000,-1.249999,LL,Down
2017-08-17,sh.601998,6.3200,6.3800,6.2800,6.3700,6.3200,34372865,217079215.0000,0.791135,SH,Up
2017-08-18,sh.601998,6.3200,6.3600,6.2900,6.3100,6.3700,27509751,173878115.0000,-0.941914,LL,Down
2017-08-21,sh.601998,6.3000,6.3500,6.3000,6.3500,6.3100,29132359,183991674.0000,0.633914,LH,Up
2017-08-22,sh.601998,6.3600,6.3800,6.3000,6.3400,6.3500,31569312,200141122.0000,-0.157476,HL,Down
2017-08-23,sh.601998,6.3300,6.4600,6.3100,6.4500,6.3400,79387866,509641712.0000,1.735010,LH,Up
2017-08-24,sh.601998,6.4200,6.5000,6.3300,6.3300,6.4500,53997180,346279056.0000,-1.860463,LL,Down
2017-08-25,sh.601998,6.3500,6.5700,6.3200,6.5600,6.3300,106073592,688074656.0000,3.633492,HH,Up
2017-08-28,sh.601998,6.5900,6.6700,6.5600,6.6000,6.5600,81708012,539666064.0000,0.609756,HH,Up
2017-08-29,sh.601998,6.5800,6.6600,6.5400,6.6500,6.6000,50396435,332593104.0000,0.757579,LH,Up
2017-08-30,sh.601998,6.6300,6.6700,6.5000,6.5400,6.6500,59223964,390341264.0000,-1.654137,LL,Down
2017-08-31,sh.601998,6.5500,6.5700,6.4600,6.5300,6.5400,50928079,330936112.0000,-0.152901,HL,Down
2017-09-01,sh.601998,6.5200,6.5500,6.4500,6.4600,6.5300,42819790,278200576.0000,-1.071978,LL,Down
2017-09-04,sh.601998,6.4500,6.5200,6.4300,6.5200,6.4600,31605570,205241364.0000,0.928792,LH,Up
2017-09-05,sh.601998,6.5100,6.6300,6.5100,6.6100,6.5200,55443232,364970528.0000,1.380370,LH,Up
2017-09-06,sh.601998,6.5900,6.6100,6.5300,6.5500,6.6100,42912550,281179024.0000,-0.907715,LL,Down
2017-09-07,sh.601998,6.5600,6.5700,6.5000,6.5100,6.5500,25768582,168302800.0000,-0.610686,HL,Down
2017-09-08,sh.601998,6.5100,6.5400,6.4800,6.5000,6.5100,26992084,175470730.0000,-0.153613,SL,Down
2017-09-11,sh.601998,6.5200,6.5500,6.4500,6.4600,6.5000,46973083,304620112.0000,-0.615384,HL,Down
2017-09-12,sh.601998,6.4800,6.4800,6.4100,6.4500,6.4600,54895040,353134756.0000,-0.154802,HL,Down
2017-09-13,sh.601998,6.4500,6.4500,6.4100,6.4300,6.4500,19400510,124592955.0000,-0.310077,SL,Down
2017-09-14,sh.601998,6.4400,6.4500,6.3800,6.4100,6.4300,26946354,172957881.0000,-0.311042,HL,Down
2017-09-15,sh.601998,6.4000,6.4100,6.3500,6.3900,6.4100,34978662,222945673.0000,-0.312012,LL,Down
2017-09-18,sh.601998,6.4000,6.4200,6.3600,6.4000,6.3900,30139320,192707459.0000,0.156498,HS,Up
2017-09-19,sh.601998,6.3900,6.4200,6.3800,6.4100,6.4000,22805984,146019595.0000,0.156246,LH,Up
2017-09-20,sh.601998,6.4100,6.4100,6.3700,6.4000,6.4100,16644337,106386226.0000,-0.156002,SL,Down
2017-09-21,sh.601998,6.3900,6.4600,6.3600,6.4100,6.4000,33232952,213021791.0000,0.156246,LH,Up
2017-09-22,sh.601998,6.3900,6.4300,6.3400,6.3800,6.4100,30231044,192636694.0000,-0.468014,LL,Down
2017-09-25,sh.601998,6.3700,6.3700,6.2800,6.3400,6.3800,36740800,232359020.0000,-0.626959,LL,Down
2017-09-26,sh.601998,6.3300,6.3500,6.3100,6.3500,6.3400,15521969,98303956.0000,0.157725,LH,Up
2017-09-27,sh.601998,6.3400,6.3600,6.3200,6.3300,6.3500,14946480,94671128.0000,-0.314960,LL,Down
2017-09-28,sh.601998,6.3200,6.3400,6.2900,6.3100,6.3300,18031744,113716504.0000,-0.315956,LL,Down
2017-09-29,sh.601998,6.3000,6.3500,6.2800,6.3000,6.3100,19013364,120092089.0000,-0.158475,LS,Down
2017-10-09,sh.601998,6.4500,6.4800,6.3600,6.3700,6.3000,45621860,292378250.0000,1.111106,HL,Up
2017-10-10,sh.601998,6.3700,6.4100,6.3500,6.4000,6.3700,20443631,130411555.0000,0.470961,SH,Up
2017-10-11,sh.601998,6.3900,6.4400,6.3800,6.4000,6.4000,26641473,170687724.0000,0.000000,LH,Smooth
2017-10-12,sh.601998,6.4000,6.4100,6.3700,6.3800,6.4000,15020840,95873189.0000,-0.312500,SL,Down
2017-10-13,sh.601998,6.3700,6.3800,6.3400,6.3400,6.3800,22328474,141960275.0000,-0.626959,LL,Down
2017-10-16,sh.601998,6.3400,6.4000,6.3300,6.3700,6.3400,34667377,220457505.0000,0.473182,SH,Up
2017-10-17,sh.601998,6.3700,6.3800,6.3200,6.3500,6.3700,21148978,134257422.0000,-0.313972,SL,Down
2017-10-18,sh.601998,6.3300,6.4000,6.3300,6.3900,6.3500,28659964,182586883.0000,0.629921,LH,Up
2017-10-19,sh.601998,6.3800,6.4000,6.3300,6.3900,6.3900,29438876,187458816.0000,0.000000,LH,Smooth
2017-10-20,sh.601998,6.3600,6.4000,6.3400,6.3900,6.3900,23733556,151214677.0000,0.000000,LH,Smooth
2017-10-23,sh.601998,6.3900,6.3900,6.3400,6.3500,6.3900,16990214,108108630.0000,-0.625977,SL,Down
2017-10-24,sh.601998,6.3400,6.4000,6.3300,6.3900,6.3500,24175032,154071623.0000,0.629921,LH,Up
2017-10-25,sh.601998,6.3800,6.3900,6.3400,6.3700,6.3900,27525716,174946139.0000,-0.312989,LL,Down
2017-10-26,sh.601998,6.3600,6.3600,6.3000,6.3100,6.3700,36245082,229036581.0000,-0.941914,LL,Down
2017-10-27,sh.601998,6.3100,6.3700,6.3000,6.3300,6.3100,34370296,217837179.0000,0.316957,SH,Up
2017-10-30,sh.601998,6.3400,6.3400,6.2100,6.2200,6.3300,41034457,256323601.0000,-1.737759,HL,Down
2017-10-31,sh.601998,6.2100,6.2300,6.1600,6.2200,6.2200,23098139,143301642.0000,0.000000,LH,Smooth
2017-11-01,sh.601998,6.2200,6.2200,6.1500,6.1600,6.2200,23781350,146984000.0000,-0.964629,SL,Down
2017-11-02,sh.601998,6.1500,6.1600,6.0600,6.1200,6.1600,29453030,179607491.0000,-0.649350,LL,Down
2017-11-03,sh.601998,6.1000,6.1500,6.0600,6.1300,6.1200,27594187,168196636.0000,0.163402,LH,Up
2017-11-06,sh.601998,6.1200,6.1300,6.0900,6.1000,6.1300,15407519,94091936.0000,-0.489400,LL,Down
2017-11-07,sh.601998,6.1100,6.1900,6.1000,6.1700,6.1000,24286886,149192583.0000,1.147544,HH,Up
2017-11-08,sh.601998,6.1700,6.2300,6.1400,6.1900,6.1700,22431594,138997556.0000,0.324149,SH,Up
2017-11-09,sh.601998,6.1900,6.2000,6.1600,6.1800,6.1900,11413539,70491336.0000,-0.161555,SL,Down
2017-11-10,sh.601998,6.1700,6.1800,6.0900,6.1200,6.1800,18968077,116061218.0000,-0.970873,LL,Down
2017-11-13,sh.601998,6.1100,6.2300,6.1100,6.1800,6.1200,36105147,222904818.0000,0.980391,LH,Up
2017-11-14,sh.601998,6.1600,6.1700,6.0700,6.0900,6.1800,30285785,184557973.0000,-1.456306,LL,Down
2017-11-15,sh.601998,6.0800,6.1000,6.0600,6.0900,6.0900,20344065,123651722.0000,0.000000,LH,Smooth
2017-11-16,sh.601998,6.0600,6.0800,5.9900,6.0100,6.0900,22925877,138237399.0000,-1.313628,LL,Down
2017-11-17,sh.601998,6.0000,6.1500,5.9900,6.1300,6.0100,66564007,405169890.0000,1.996670,LH,Up
2017-11-20,sh.601998,6.0900,6.3500,6.0700,6.2700,6.1300,71620638,447346343.0000,2.283848,LH,Up
2017-11-21,sh.601998,6.2500,6.3800,6.2200,6.3200,6.2700,70030774,443120485.0000,0.797451,LH,Up
2017-11-22,sh.601998,6.3500,6.5600,6.3100,6.5000,6.3200,103740646,668302683.0000,2.848099,HH,Up
2017-11-23,sh.601998,6.4600,6.5600,6.2800,6.3200,6.5000,95949250,619442563.0000,-2.769228,LL,Down
2017-11-24,sh.601998,6.3400,6.3900,6.3100,6.3300,6.3200,40083173,254246812.0000,0.158224,HL,Up
2017-11-27,sh.601998,6.3200,6.3500,6.2600,6.3400,6.3300,31001940,195951340.0000,0.157981,LH,Up
2017-11-28,sh.601998,6.3300,6.3400,6.2500,6.2800,6.3400,24807113,155891204.0000,-0.946371,LL,Down
2017-11-29,sh.601998,6.2900,6.3000,6.1400,6.2300,6.2800,36725580,228505099.0000,-0.796181,HL,Down
2017-11-30,sh.601998,6.2000,6.5500,6.2000,6.3600,6.2300,106337409,680257077.0000,2.086679,LH,Up
2017-12-01,sh.601998,6.3700,6.4800,6.3300,6.3900,6.3600,82427068,528064615.0000,0.471694,HH,Up
2017-12-04,sh.601998,6.3700,6.4900,6.3600,6.4400,6.3900,41939133,269117282.0000,0.782476,LH,Up
2017-12-05,sh.601998,6.4300,6.5600,6.4100,6.5100,6.4400,103730756,675051900.0000,1.086959,LH,Up
2017-12-06,sh.601998,6.4900,6.5000,6.3600,6.4000,6.5100,50658007,325342697.0000,-1.689710,LL,Down
2017-12-07,sh.601998,6.3900,6.4100,6.3300,6.4000,6.4000,30205669,192293834.0000,0.000000,LH,Smooth
2017-12-08,sh.601998,6.3800,6.3900,6.3100,6.3500,6.4000,31155459,197608147.0000,-0.781253,LL,Down
2017-12-11,sh.601998,6.3300,6.3900,6.2700,6.3600,6.3500,34285818,216887299.0000,0.157484,LH,Up
2017-12-12,sh.601998,6.3400,6.3500,6.2400,6.2400,6.3600,25041998,157605593.0000,-1.886798,LL,Down
2017-12-13,sh.601998,6.2400,6.2800,6.1400,6.2600,6.2400,64131353,397388069.0000,0.320520,SH,Up
2017-12-14,sh.601998,6.2300,6.2600,6.1600,6.1800,6.2600,26091118,161595529.0000,-1.277962,LL,Down
2017-12-15,sh.601998,6.1800,6.1800,6.1100,6.1200,6.1800,24468055,149943134.0000,-0.970873,SL,Down
2017-12-18,sh.601998,6.1200,6.1700,6.1100,6.1300,6.1200,18878088,115953763.0000,0.163402,SH,Up
2017-12-19,sh.601998,6.1500,6.2000,6.1300,6.1900,6.1300,17865112,110270553.0000,0.978792,HH,Up
2017-12-20,sh.601998,6.2000,6.2100,6.1500,6.1900,6.1900,21432961,132395547.0000,0.000000,HL,Smooth
2017-12-21,sh.601998,6.1800,6.2200,6.1400,6.1800,6.1900,23350543,144641431.0000,-0.161555,LS,Down
2017-12-22,sh.601998,6.1800,6.2300,6.1600,6.1900,6.1800,16266376,100803035.0000,0.161816,SH,Up
2017-12-25,sh.601998,6.1800,6.2300,6.1100,6.1600,6.1900,18705435,115423318.0000,-0.484656,LL,Down
2017-12-26,sh.601998,6.1400,6.2400,6.1300,6.2300,6.1600,26178665,162374520.0000,1.136366,LH,Up
2017-12-27,sh.601998,6.2200,6.2500,6.1500,6.2000,6.2300,22151441,137293441.0000,-0.481544,LL,Down
2017-12-28,sh.601998,6.1700,6.2200,6.1600,6.1800,6.2000,13523614,83591256.0000,-0.322580,LH,Down
2017-12-29,sh.601998,6.1800,6.2000,6.1600,6.2000,6.1800,10297794,63628647.0000,0.323624,SH,Up
2018-01-02,sh.601998,6.2000,6.3400,6.1800,6.3200,6.2000,41377391,260641104.0000,1.935490,SH,Up
2018-01-03,sh.601998,6.2900,6.4100,6.2900,6.3700,6.3200,43643917,278034384.0000,0.791135,LH,Up
2018-01-04,sh.601998,6.3700,6.4000,6.3100,6.3900,6.3700,27283933,173481334.0000,0.313972,SH,Up
2018-01-05,sh.601998,6.4000,6.4600,6.3500,6.4400,6.3900,35545732,228112020.0000,0.782476,HH,Up
2018-01-08,sh.601998,6.4400,6.5500,6.4200,6.5400,6.4400,66998805,435567715.0000,1.552794,SH,Up
2018-01-09,sh.601998,6.5300,6.5900,6.4700,6.4800,6.5400,52792065,344440436.0000,-0.917430,LL,Down
2018-01-10,sh.601998,6.4900,6.6800,6.4300,6.6000,6.4800,107188989,705810639.0000,1.851850,HH,Up
2018-01-11,sh.601998,6.6000,6.8400,6.5900,6.7200,6.6000,90413587,609295987.0000,1.818180,SH,Up
2018-01-12,sh.601998,6.6900,6.9500,6.6700,6.8500,6.7200,88868401,609083415.0000,1.934526,LH,Up
2018-01-15,sh.601998,6.8500,7.1100,6.8300,6.9700,6.8500,97982812,685720679.0000,1.751823,SH,Up
2018-01-16,sh.601998,6.9400,7.0800,6.8900,7.0000,6.9700,73825462,515736229.0000,0.430419,LH,Up
2018-01-17,sh.601998,7.0200,7.2700,6.8900,6.9100,7.0000,97224754,687965987.0000,-1.285716,HL,Down
2018-01-18,sh.601998,6.9500,7.2500,6.9200,7.2000,6.9100,124323348,881625489.0000,4.196815,HH,Up
2018-01-19,sh.601998,7.1700,7.4900,7.0700,7.2000,7.2000,168776205,1231377574.0000,0.000000,LH,Smooth
2018-01-22,sh.601998,7.1600,7.3200,7.0600,7.1200,7.2000,111097259,796862251.0000,-1.111110,LL,Down
2018-01-23,sh.601998,7.1200,7.3900,7.0700,7.3800,7.1200,121613535,875640207.0000,3.651689,SH,Up
2018-01-24,sh.601998,7.3900,7.5300,7.3000,7.4000,7.3800,101273282,749498605.0000,0.271002,HH,Up
2018-01-25,sh.601998,7.3000,7.3500,7.1300,7.2600,7.4000,71294022,515736773.0000,-1.891890,LL,Down
2018-01-26,sh.601998,7.2000,7.4400,7.1500,7.3700,7.2600,65372913,477916259.0000,1.515147,LH,Up
2018-01-29,sh.601998,7.3500,7.4500,7.2200,7.2800,7.3700,54233805,398408026.0000,-1.221163,LL,Down
2018-01-30,sh.601998,7.2500,7.3100,7.1300,7.1500,7.2800,50544741,365043100.0000,-1.785716,LL,Down
2018-01-31,sh.601998,7.1500,7.2400,7.0800,7.2200,7.1500,45461447,326634331.0000,0.979017,SH,Up
2018-02-01,sh.601998,7.2200,7.4500,7.2000,7.3800,7.2200,86245604,633025981.0000,2.216071,SH,Up
2018-02-02,sh.601998,7.2400,7.4300,7.1500,7.4200,7.3800,56983423,416373681.0000,0.542005,LH,Up
2018-02-05,sh.601998,7.3500,8.1600,7.3400,8.1400,7.4200,130381918,1020399388.0000,9.703507,LH,Up
2018-02-06,sh.601998,7.9700,8.1000,7.7500,8.0100,8.1400,129463155,1028956718.0000,-1.597053,LH,Down
2018-02-07,sh.601998,8.0600,8.2800,7.4500,7.7500,8.0100,130544183,1032151006.0000,-3.245945,HL,Down
2018-02-08,sh.601998,7.5200,7.5800,7.1100,7.2500,7.7500,114914600,842313116.0000,-6.451612,LL,Down
2018-02-09,sh.601998,7.0600,7.0900,6.5300,6.9000,7.2500,130013547,884144908.0000,-4.827585,LL,Down
2018-02-12,sh.601998,6.8300,6.8300,6.6600,6.7100,6.9000,77380533,521279554.0000,-2.753624,LL,Down
2018-02-13,sh.601998,6.7500,6.9500,6.7300,6.8100,6.7100,102555115,701403050.0000,1.490312,HH,Up
2018-02-14,sh.601998,6.8200,6.8300,6.6500,6.7400,6.8100,51753581,348176574.0000,-1.027903,HL,Down
2018-02-22,sh.601998,6.9000,7.1500,6.8500,7.1100,6.7400,79569414,555047823.0000,5.489620,HH,Up
2018-02-23,sh.601998,7.0500,7.2600,7.0000,7.1400,7.1100,49991378,356506990.0000,0.421937,LH,Up
2018-02-26,sh.601998,7.2300,7.2600,7.0100,7.1400,7.1400,56968089,405098749.0000,0.000000,HL,Smooth
2018-02-27,sh.601998,7.1000,7.1200,6.9600,7.0300,7.1400,46820918,329415997.0000,-1.540612,LL,Down
2018-02-28,sh.601998,6.9100,6.9500,6.8200,6.8400,7.0300,37212986,255499891.0000,-2.702703,LL,Down
2018-03-01,sh.601998,6.8000,6.9400,6.7400,6.8200,6.8400,50182719,342719335.0000,-0.292397,LH,Down
2018-03-02,sh.601998,6.7500,6.7900,6.6500,6.7200,6.8200,40572322,272358783.0000,-1.466281,LL,Down
2018-03-05,sh.601998,6.6900,6.7600,6.6100,6.6800,6.7200,40230542,268170020.0000,-0.595238,LL,Down
2018-03-06,sh.601998,6.7100,6.7500,6.5900,6.7300,6.6800,61300181,409507570.0000,0.748506,HH,Up
2018-03-07,sh.601998,6.7700,6.8900,6.7300,6.7500,6.7300,70894723,483334695.0000,0.297177,HL,Up
2018-03-08,sh.601998,6.7200,6.7600,6.6600,6.7200,6.7500,31354020,210248653.0000,-0.444448,LS,Down
2018-03-09,sh.601998,6.7400,6.7600,6.6700,6.7200,6.7200,30820142,206455371.0000,0.000000,HL,Smooth
2018-03-12,sh.601998,6.7200,6.7600,6.6700,6.7200,6.7200,50896899,341906972.0000,0.000000,SS,Smooth
2018-03-13,sh.601998,6.6900,6.8200,6.6800,6.7200,6.7200,41959337,283361542.0000,0.000000,LH,Smooth
2018-03-14,sh.601998,6.6800,6.7100,6.6100,6.6600,6.7200,29734868,197567360.0000,-0.892856,LL,Down
2018-03-15,sh.601998,6.6200,6.6800,6.6200,6.6500,6.6600,19008561,126411293.0000,-0.150146,LH,Down
2018-03-16,sh.601998,6.6300,6.6600,6.5900,6.6000,6.6500,28839489,190879571.0000,-0.751883,LL,Down
2018-03-19,sh.601998,6.6000,6.6600,6.5600,6.6500,6.6000,28674244,190292178.0000,0.757579,SH,Up
2018-03-20,sh.601998,6.6200,6.7400,6.6100,6.7300,6.6500,26759331,178931548.0000,1.203006,LH,Up
2018-03-21,sh.601998,6.7500,6.8400,6.7200,6.7500,6.7300,44936255,305241495.0000,0.297177,HS,Up
2018-03-22,sh.601998,6.7500,6.7900,6.6000,6.7400,6.7500,41840254,280121628.0000,-0.148151,SL,Down
2018-03-23,sh.601998,6.5800,6.7500,6.5100,6.7200,6.7400,68208515,452026645.0000,-0.296736,LH,Down
2018-03-26,sh.601998,6.6500,6.6700,6.3000,6.4000,6.7200,81680301,524884563.0000,-4.761900,LL,Down
2018-03-27,sh.601998,6.4400,6.4700,6.3700,6.4200,6.4000,43600642,279783811.0000,0.312500,HL,Up
2018-03-28,sh.601998,6.4000,6.4800,6.3400,6.4200,6.4200,54206405,347868685.0000,0.000000,LH,Smooth
2018-03-29,sh.601998,6.3900,6.5400,6.3500,6.4900,6.4200,38281011,246571645.0000,1.090338,LH,Up
2018-03-30,sh.601998,6.4800,6.4900,6.4200,6.4500,6.4900,21465804,138574975.0000,-0.616332,LL,Down
2018-04-02,sh.601998,6.4600,6.5100,6.3800,6.4000,6.4500,27062958,174387145.0000,-0.775189,HL,Down
2018-04-03,sh.601998,6.3600,6.3900,6.2800,6.3300,6.4000,28791984,182019143.0000,-1.093753,LL,Down
2018-04-04,sh.601998,6.3400,6.3900,6.3000,6.3200,6.3300,27832308,176576373.0000,-0.157974,HL,Down
2018-04-09,sh.601998,6.3000,6.3400,6.2200,6.2400,6.3200,35431505,221851948.0000,-1.265829,LL,Down
2018-04-10,sh.601998,6.2300,6.4300,6.2200,6.4300,6.2400,45441188,287875161.0000,3.044873,LH,Up
2018-04-11,sh.601998,6.4400,6.6900,6.4300,6.6300,6.4300,77041633,506211120.0000,3.110425,HH,Up
2018-04-12,sh.601998,6.6200,6.6300,6.4800,6.4800,6.6300,39732041,259253227.0000,-2.262445,LL,Down
2018-04-13,sh.601998,6.5400,6.5800,6.4400,6.4800,6.4800,20766031,134897532.0000,0.000000,HL,Smooth
2018-04-16,sh.601998,6.4600,6.4600,6.2200,6.2700,6.4800,44721845,281721341.0000,-3.240741,LL,Down
2018-04-17,sh.601998,6.2900,6.4100,6.2600,6.3300,6.2700,31111324,197216758.0000,0.956937,HH,Up
2018-04-18,sh.601998,6.4600,6.5000,6.3500,6.4100,6.3300,24105554,154985175.0000,1.263822,HL,Up
2018-04-19,sh.601998,6.3700,6.4500,6.3400,6.4000,6.4100,23192445,148367422.0000,-0.156002,LH,Down
2018-04-20,sh.601998,6.3800,6.4100,6.2800,6.3800,6.4000,29761372,188863068.0000,-0.312500,LS,Down
2018-04-23,sh.601998,6.3800,6.4100,6.3100,6.3800,6.3800,29312193,186576633.0000,0.000000,SS,Smooth
2018-04-24,sh.601998,6.3700,6.5400,6.3700,6.4800,6.3800,41638426,270073247.0000,1.567397,LH,Up
2018-04-25,sh.601998,6.4600,6.5000,6.3800,6.4000,6.4800,19274438,123871925.0000,-1.234567,LL,Down
2018-04-26,sh.601998,6.4300,6.4300,6.2800,6.3800,6.4000,27895847,177078373.0000,-0.312500,HL,Down
2018-04-27,sh.601998,6.3700,6.4100,6.2900,6.3900,6.3800,24598875,156405895.0000,0.156736,LH,Up
2018-05-02,sh.601998,6.4000,6.5500,6.4000,6.5500,6.3900,46901215,303759367.0000,2.503917,HH,Up
2018-05-03,sh.601998,6.4700,6.6100,6.4500,6.5500,6.5500,28154905,183943540.0000,0.000000,LH,Smooth
2018-05-04,sh.601998,6.5400,6.5800,6.5000,6.5300,6.5500,16716076,109289939.0000,-0.305343,LL,Down
2018-05-07,sh.601998,6.5200,6.5800,6.4800,6.5700,6.5300,17619049,115222944.0000,0.612557,LH,Up
2018-05-08,sh.601998,6.5500,6.7000,6.5500,6.6500,6.5700,25943121,172531086.0000,1.217655,LH,Up
2018-05-09,sh.601998,6.6200,6.6400,6.5900,6.6300,6.6500,14807818,97924458.0000,-0.300752,LH,Down
2018-05-10,sh.601998,6.6500,6.6800,6.5300,6.5900,6.6300,17608586,116158421.0000,-0.603318,HL,Down
2018-05-11,sh.601998,6.6200,6.6700,6.5700,6.6400,6.5900,16173288,107339316.0000,0.758721,HH,Up
2018-05-14,sh.601998,6.6500,6.8000,6.6400,6.7500,6.6400,29585494,199407180.0000,1.656629,HH,Up
2018-05-15,sh.601998,6.7700,6.7900,6.6100,6.7000,6.7500,27217598,182024324.0000,-0.740744,HL,Down
2018-05-16,sh.601998,6.6500,6.6800,6.5600,6.5700,6.7000,19906125,131880447.0000,-1.940293,LL,Down
2018-05-17,sh.601998,6.5800,6.6400,6.5600,6.5900,6.5700,16791603,110896360.0000,0.304414,HH,Up
2018-05-18,sh.601998,6.6200,6.7500,6.5800,6.7400,6.5900,26916089,179884376.0000,2.276170,HH,Up
2018-05-21,sh.601998,6.7600,6.7900,6.7000,6.7400,6.7400,18293870,123116775.0000,0.000000,HL,Smooth
2018-05-22,sh.601998,6.7200,6.7500,6.6400,6.7000,6.7400,15041715,100477097.0000,-0.593471,LL,Down
2018-05-23,sh.601998,6.6900,6.6900,6.5900,6.5900,6.7000,17079411,113098204.0000,-1.641786,LL,Down
2018-05-24,sh.601998,6.6000,6.6500,6.5800,6.6100,6.5900,10461360,69093663.0000,0.303490,HH,Up
2018-05-25,sh.601998,6.6100,6.6400,6.5200,6.6300,6.6100,17214422,113042449.0000,0.302572,SH,Up
2018-05-28,sh.601998,6.6300,6.6300,6.5700,6.6200,6.6300,12988295,85748705.0000,-0.150833,SL,Down
2018-05-29,sh.601998,6.6000,6.6200,6.4200,6.6100,6.6200,34519337,224951347.0000,-0.151054,LH,Down
2018-05-30,sh.601998,6.5000,6.5300,6.3800,6.4100,6.6100,20940882,134946999.0000,-3.025723,LL,Down
2018-05-31,sh.601998,6.4300,6.4700,6.3200,6.4100,6.4100,22352113,143193256.0000,0.000000,HL,Smooth
2018-06-01,sh.601998,6.4100,6.4100,6.2700,6.3400,6.4100,31434752,199074101.0000,-1.092039,SL,Down
2018-06-04,sh.601998,6.3500,6.3900,6.3300,6.3700,6.3400,19727496,125367366.0000,0.473182,HH,Up
2018-06-05,sh.601998,6.3600,6.3800,6.3100,6.3400,6.3700,24898086,157673536.0000,-0.470953,LL,Down
2018-06-06,sh.601998,6.3300,6.3500,6.2900,6.3300,6.3400,17018779,107524328.0000,-0.157732,LS,Down
2018-06-07,sh.601998,6.3400,6.3900,6.2900,6.3300,6.3300,28198643,178638184.0000,0.000000,HL,Smooth
2018-06-08,sh.601998,6.3000,6.3100,6.1800,6.2100,6.3300,27508692,171498588.0000,-1.895733,LL,Down
2018-06-11,sh.601998,6.1900,6.2100,6.1000,6.1800,6.2100,15723177,96899109.0000,-0.483095,LL,Down
2018-06-12,sh.601998,6.1700,6.2000,6.1200,6.1900,6.1800,12131034,74879340.0000,0.161816,LH,Up
2018-06-13,sh.601998,6.1800,6.1900,6.1300,6.1900,6.1900,11270850,69467252.0000,0.000000,LH,Smooth
2018-06-14,sh.601998,6.1700,6.2200,6.1400,6.2100,6.1900,11486564,71133635.0000,0.323101,LH,Up
2018-06-15,sh.601998,6.2100,6.2800,6.1900,6.2700,6.2100,22194464,138604085.0000,0.966183,SH,Up
2018-06-19,sh.601998,6.2100,6.3700,6.1800,6.3400,6.2700,73320673,460824433.0000,1.116430,LH,Up
2018-06-20,sh.601998,6.2600,6.3000,6.2200,6.2500,6.3400,24934609,155767429.0000,-1.419561,LL,Down
2018-06-21,sh.601998,6.2500,6.2800,6.1900,6.2200,6.2500,20326875,126783943.0000,-0.480003,SL,Down
2018-06-22,sh.601998,6.1700,6.2400,6.1600,6.2400,6.2200,13242770,82142745.0000,0.321543,LH,Up
2018-06-25,sh.601998,6.2600,6.2700,6.1300,6.1300,6.2400,16735308,103595695.0000,-1.762815,HL,Down
2018-06-26,sh.601998,6.1600,6.1700,6.0600,6.1200,6.1300,18654326,114003566.0000,-0.163136,HL,Down
2018-06-27,sh.601998,6.1000,6.2300,6.0800,6.1300,6.1200,23983841,147638534.0000,0.163402,LH,Up
2018-06-28,sh.601998,6.0900,6.1700,6.0200,6.1300,6.1300,14938587,91398807.0000,0.000000,LH,Smooth
2018-06-29,sh.601998,6.1300,6.2300,6.1200,6.2100,6.1300,18167746,112705742.0000,1.305056,SH,Up
2018-07-02,sh.601998,6.2200,6.2200,6.1000,6.1800,6.2100,22638907,139548151.0000,-0.483095,HL,Down
2018-07-03,sh.601998,5.8800,5.8800,5.6400,5.7300,5.9200,32383595,185561673.0000,-3.209460,LL,Down
2018-07-04,sh.601998,5.7000,5.7600,5.6600,5.7100,5.7300,22409904,127888093.0000,-0.349040,LH,Down
2018-07-05,sh.601998,5.6800,5.8000,5.6700,5.7900,5.7100,21580261,123950062.0000,1.401049,LH,Up
2018-07-06,sh.601998,5.7700,5.8000,5.6200,5.7400,5.7900,22649281,129509835.0000,-0.863561,LL,Down
2018-07-09,sh.601998,5.7500,5.9300,5.7300,5.9100,5.7400,24567549,143807568.0000,2.961674,HH,Up
2018-07-10,sh.601998,5.9200,5.9500,5.8700,5.9300,5.9100,15112767,89371382.0000,0.338409,HH,Up
2018-07-11,sh.601998,5.8600,5.8800,5.7900,5.8300,5.9300,13806447,80615412.0000,-1.686339,LL,Down
2018-07-12,sh.601998,5.8600,5.9600,5.8400,5.9000,5.8300,19508028,115491996.0000,1.200689,HH,Up
2018-07-13,sh.601998,5.9300,5.9500,5.8600,5.9300,5.9000,13774963,81378407.0000,0.508470,HS,Up
2018-07-16,sh.601998,5.9200,5.9600,5.8800,5.9200,5.9300,11833995,70033267.0000,-0.168630,LS,Down
2018-07-17,sh.601998,5.9300,5.9400,5.8500,5.8800,5.9200,13454497,79028111.0000,-0.675675,HL,Down
2018-07-18,sh.601998,5.8900,5.9400,5.8400,5.8500,5.8800,9030940,53206676.0000,-0.510208,HL,Down
2018-07-19,sh.601998,5.8700,5.8900,5.8200,5.8500,5.8500,6430990,37648489.0000,0.000000,HL,Smooth
2018-07-20,sh.601998,5.8400,6.1400,5.8000,6.0700,5.8500,30454698,183107096.0000,3.760688,LH,Up
2018-07-23,sh.601998,6.0400,6.1400,6.0000,6.1300,6.0700,23108365,140580933.0000,0.988467,LH,Up
2018-07-24,sh.601998,6.1200,6.2100,6.1000,6.1500,6.1300,30071446,185047401.0000,0.326264,LH,Up
2018-07-25,sh.601998,6.1600,6.2000,6.1000,6.1400,6.1500,11926598,73177240.0000,-0.162605,HL,Down
2018-07-26,sh.601998,6.1600,6.1700,6.0700,6.1000,6.1400,17478162,107308905.0000,-0.651465,HL,Down
2018-07-27,sh.601998,6.1200,6.1800,6.0900,6.1300,6.1000,9948763,61081546.0000,0.491807,HH,Up
2018-07-30,sh.601998,6.1300,6.2100,6.1100,6.1800,6.1300,14949980,92223063.0000,0.815656,SH,Up
2018-07-31,sh.601998,6.1800,6.3200,6.1200,6.2700,6.1800,23268537,145201086.0000,1.456313,SH,Up
2018-08-01,sh.601998,6.2700,6.2800,5.8700,5.8900,6.2700,60083318,362794827.0000,-6.060608,SL,Down
2018-08-02,sh.601998,5.9200,5.9400,5.7800,5.8700,5.8900,27766187,162938223.0000,-0.339558,HL,Down
2018-08-03,sh.601998,5.8600,5.9100,5.8000,5.8500,5.8700,14456268,84795000.0000,-0.340715,LL,Down
2018-08-06,sh.601998,5.8600,5.9300,5.8200,5.8500,5.8500,15148234,89151506.0000,0.000000,HL,Smooth
2018-08-07,sh.601998,5.8500,5.9700,5.8300,5.9500,5.8500,13151887,77613321.0000,1.709400,SH,Up
2018-08-08,sh.601998,5.9500,5.9600,5.8900,5.9000,5.9500,10096478,59754009.0000,-0.840331,SL,Down
2018-08-09,sh.601998,5.8900,5.9800,5.8900,5.9700,5.9000,13604374,80960700.0000,1.186435,LH,Up
2018-08-10,sh.601998,5.9600,6.0000,5.9300,5.9500,5.9700,7330797,43664858.0000,-0.335008,LL,Down
2018-08-13,sh.601998,5.9200,5.9200,5.8000,5.8600,5.9500,17088595,99758626.0000,-1.512600,LL,Down
2018-08-14,sh.601998,5.8500,5.8700,5.8100,5.8500,5.8600,8516073,49685568.0000,-0.170652,LS,Down
2018-08-15,sh.601998,5.8300,5.8400,5.7300,5.7500,5.8500,13175080,76127684.0000,-1.709400,LL,Down
2018-08-16,sh.601998,5.7000,5.7900,5.6800,5.7500,5.7500,9961852,57117037.0000,0.000000,LH,Smooth
2018-08-17,sh.601998,5.7700,5.7800,5.7100,5.7200,5.7500,7756489,44497033.0000,-0.521743,HL,Down
2018-08-20,sh.601998,5.7300,5.7900,5.7200,5.7800,5.7200,10959251,63065639.0000,1.048958,HH,Up
2018-08-21,sh.601998,5.7800,5.8500,5.7600,5.8300,5.7800,11685897,68092008.0000,0.865047,SH,Up
2018-08-22,sh.601998,5.8400,5.8400,5.7500,5.8000,5.8300,5776339,33418388.0000,-0.514575,HL,Down
2018-08-23,sh.601998,5.7900,5.8300,5.7600,5.7800,5.8000,7745293,44901756.0000,-0.344827,LL,Down
2018-08-24,sh.601998,5.7900,6.0000,5.7700,5.9000,5.7800,24866624,146730583.0000,2.076123,HH,Up
2018-08-27,sh.601998,5.9200,6.0500,5.8900,6.0300,5.9000,29965206,179268102.0000,2.203392,HH,Up
2018-08-28,sh.601998,6.0300,6.0800,5.9600,6.0200,6.0300,22988519,138357443.0000,-0.165841,SL,Down
2018-08-29,sh.601998,6.0100,6.0800,5.9800,6.0300,6.0200,14296944,86093815.0000,0.166117,LH,Up
2018-08-30,sh.601998,6.0300,6.0700,5.9500,5.9600,6.0300,10527389,63072010.0000,-1.160865,SL,Down
2018-08-31,sh.601998,5.9200,6.0400,5.9200,5.9700,5.9600,16679384,99923529.0000,0.167781,LH,Up
2018-09-03,sh.601998,5.9900,6.0200,5.9500,5.9800,5.9700,12453529,74475344.0000,0.167508,HL,Up
2018-09-04,sh.601998,5.9700,6.0800,5.9700,6.0400,5.9800,19942969,120180183.0000,1.003343,LH,Up
2018-09-05,sh.601998,6.0200,6.0500,5.8400,5.8700,6.0400,24217050,143628500.0000,-2.814571,LL,Down
2018-09-06,sh.601998,5.8400,5.9000,5.8200,5.8700,5.8700,7948078,46629371.0000,0.000000,LH,Smooth
2018-09-07,sh.601998,5.8500,5.9200,5.7900,5.8300,5.8700,21804217,127376293.0000,-0.681430,LL,Down
2018-09-10,sh.601998,5.8200,5.8200,5.7200,5.7500,5.8300,19015632,109396981.0000,-1.372211,LL,Down
2018-09-11,sh.601998,5.7500,5.7800,5.7000,5.7200,5.7500,17495530,100346076.0000,-0.521743,SL,Down
2018-09-12,sh.601998,5.7000,5.7600,5.7000,5.7200,5.7200,13029017,74542680.0000,0.000000,LH,Smooth
2018-09-13,sh.601998,5.7500,5.7800,5.6700,5.7500,5.7200,22300199,127646803.0000,0.524479,HS,Up
2018-09-14,sh.601998,5.7500,5.7600,5.7100,5.7100,5.7500,15829900,90732376.0000,-0.695651,SL,Down
2018-09-17,sh.601998,5.7300,5.7300,5.6300,5.6500,5.7100,22961078,130217508.0000,-1.050787,HL,Down
2018-09-18,sh.601998,5.6600,5.7500,5.6300,5.7500,5.6500,21943639,124890633.0000,1.769910,HH,Up
2018-09-19,sh.601998,5.7400,5.8100,5.7200,5.7900,5.7500,28488056,164827104.0000,0.695651,LH,Up
2018-09-20,sh.601998,5.8000,5.8400,5.7700,5.8300,5.7900,14907949,86632942.0000,0.690846,HH,Up
2018-09-21,sh.601998,5.8200,6.0800,5.7800,6.0400,5.8300,38100791,226878677.0000,3.602059,LH,Up
2018-09-25,sh.601998,5.9700,5.9900,5.9100,5.9800,6.0400,21686216,129004666.0000,-0.993376,LH,Down
2018-09-26,sh.601998,5.9800,6.1400,5.9400,6.0400,5.9800,38418780,232460774.0000,1.003343,SH,Up
2018-09-27,sh.601998,6.0300,6.0500,5.9700,6.0200,6.0400,25905815,155652912.0000,-0.331126,LL,Down
2018-09-28,sh.601998,6.0200,6.1500,6.0000,6.0600,6.0200,30357895,184323917.0000,0.664451,SH,Up
2018-10-08,sh.601998,5.9700,5.9900,5.8500,5.9000,6.0600,31342300,185445607.0000,-2.640261,LL,Down
2018-10-09,sh.601998,5.8800,5.9100,5.8000,5.8300,5.9000,24556498,143749892.0000,-1.186444,LL,Down
2018-10-10,sh.601998,5.8400,5.9000,5.8100,5.8600,5.8300,14784040,86541403.0000,0.514583,HH,Up
2018-10-11,sh.601998,5.7500,5.7800,5.6000,5.7400,5.8600,28436624,162282334.0000,-2.047788,LL,Down
2018-10-12,sh.601998,5.6900,5.7700,5.6500,5.7500,5.7400,25207144,144067634.0000,0.174220,LH,Up
2018-10-15,sh.601998,5.7500,5.7600,5.5400,5.5800,5.7500,37917740,213473748.0000,-2.956523,SL,Down
2018-10-16,sh.601998,5.5900,5.6500,5.5400,5.5700,5.5800,26866690,150530712.0000,-0.179207,HL,Down
2018-10-17,sh.601998,5.6100,5.6900,5.5800,5.6900,5.5700,27165988,153376100.0000,2.154397,HH,Up
2018-10-18,sh.601998,5.6600,5.6700,5.5600,5.5800,5.6900,24714231,138682015.0000,-1.933218,LL,Down
2018-10-19,sh.601998,5.5800,5.7600,5.5200,5.7400,5.5800,27019390,152836333.0000,2.867381,SH,Up
2018-10-22,sh.601998,5.7400,5.9800,5.7400,5.8900,5.7400,51395327,302054774.0000,2.613242,SH,Up
2018-10-23,sh.601998,5.8700,5.8900,5.7300,5.7600,5.8900,24154437,140745269.0000,-2.207125,LL,Down
2018-10-24,sh.601998,5.7500,6.0000,5.7400,5.8900,5.7600,39831431,234993822.0000,2.256938,LH,Up
2018-10-25,sh.601998,5.7300,5.9700,5.7200,5.9700,5.8900,31726578,186383090.0000,1.358233,LH,Up
2018-10-26,sh.601998,5.9500,5.9600,5.8700,5.9200,5.9700,25964818,153722428.0000,-0.837516,LL,Down
2018-10-29,sh.601998,5.9600,5.9900,5.7800,5.8300,5.9200,26996791,158539270.0000,-1.520273,HL,Down
2018-10-30,sh.601998,5.8600,5.9500,5.8400,5.9100,5.8300,26519053,156604419.0000,1.372211,HH,Up
2018-10-31,sh.601998,5.9200,5.9500,5.8800,5.9200,5.9100,19563580,115692934.0000,0.169209,HS,Up
2018-11-01,sh.601998,5.9400,5.9700,5.8300,5.8500,5.9200,30281761,178623219.0000,-1.182435,HL,Down
2018-11-02,sh.601998,5.9200,5.9700,5.8400,5.9400,5.8500,38907230,229750734.0000,1.538464,HH,Up
2018-11-05,sh.601998,5.9200,5.9300,5.8200,5.8900,5.9400,21198253,124553103.0000,-0.841754,LL,Down
2018-11-06,sh.601998,5.8800,5.8900,5.8400,5.8700,5.8900,11839101,69380221.0000,-0.339558,LL,Down
2018-11-07,sh.601998,5.8600,5.9000,5.8200,5.8400,5.8700,18822271,110209554.0000,-0.511069,LL,Down
2018-11-08,sh.601998,5.8700,5.8900,5.8500,5.8700,5.8400,15215213,89236533.0000,0.513694,HS,Up
2018-11-09,sh.601998,5.8300,5.8400,5.6600,5.6900,5.8700,30613111,175051776.0000,-3.066437,LL,Down
2018-11-12,sh.601998,5.7100,5.7300,5.6900,5.7200,5.6900,21961180,125252486.0000,0.527236,HH,Up
2018-11-13,sh.601998,5.6600,5.7600,5.6600,5.7300,5.7200,22803043,130135851.0000,0.174829,LH,Up
2018-11-14,sh.601998,5.7300,5.7500,5.6600,5.6800,5.7300,23168494,132244967.0000,-0.872604,SL,Down
2018-11-15,sh.601998,5.6800,5.7400,5.6700,5.7400,5.6800,19518550,111423468.0000,1.056337,SH,Up
2018-11-16,sh.601998,5.7400,5.8000,5.7100,5.7600,5.7400,24406177,140582320.0000,0.348440,SH,Up
2018-11-19,sh.601998,5.7600,5.8200,5.7500,5.8000,5.7600,27660427,160270087.0000,0.694444,SH,Up
2018-11-20,sh.601998,5.7700,5.7800,5.7000,5.7100,5.8000,20791610,119218276.0000,-1.551727,LL,Down
2018-11-21,sh.601998,5.7000,5.7300,5.6800,5.7200,5.7100,12004275,68512018.0000,0.175127,LH,Up
2018-11-22,sh.601998,5.7200,5.7300,5.6800,5.7000,5.7200,9560647,54450354.0000,-0.349650,SL,Down
2018-11-23,sh.601998,5.6900,5.7100,5.6300,5.6400,5.7000,15963859,90408689.0000,-1.052631,LL,Down
2018-11-26,sh.601998,5.6500,5.6900,5.6400,5.6500,5.6400,11840508,67057162.0000,0.177309,HS,Up
2018-11-27,sh.601998,5.6600,5.6800,5.6300,5.6400,5.6500,8652157,48936664.0000,-0.176995,HL,Down
2018-11-28,sh.601998,5.6500,5.6800,5.6300,5.6600,5.6400,11475705,64920080.0000,0.354610,HH,Up
2018-11-29,sh.601998,5.6800,5.6900,5.6300,5.6300,5.6600,11530092,65261752.0000,-0.530031,HL,Down
2018-11-30,sh.601998,5.6300,5.6700,5.6200,5.6700,5.6300,9831685,55557750.0000,0.710479,SH,Up
2018-12-03,sh.601998,5.7400,5.7700,5.7100,5.7300,5.6700,26248199,150785906.0000,1.058200,HL,Up
2018-12-04,sh.601998,5.7300,5.7400,5.6900,5.7300,5.7300,19809144,113275497.0000,0.000000,SS,Smooth
2018-12-05,sh.601998,5.6800,5.7100,5.6800,5.6900,5.7300,12572105,71625060.0000,-0.698080,LH,Down
2018-12-06,sh.601998,5.6600,5.6800,5.6200,5.6200,5.6900,16573789,93428843.0000,-1.230232,LL,Down
2018-12-07,sh.601998,5.6400,5.6500,5.6100,5.6300,5.6200,10057637,56600961.0000,0.177940,HL,Up
2018-12-10,sh.601998,5.6000,5.6100,5.5300,5.5500,5.6300,16283283,90477290.0000,-1.420958,LL,Down
2018-12-11,sh.601998,5.5500,5.5600,5.5300,5.5600,5.5500,9849867,54634667.0000,0.180176,SH,Up
2018-12-12,sh.601998,5.5800,5.5800,5.5500,5.5700,5.5600,8354300,46457820.0000,0.179860,HL,Up
2018-12-13,sh.601998,5.5600,5.6400,5.5400,5.5900,5.5700,20730694,115957745.0000,0.359066,LH,Up
2018-12-14,sh.601998,5.5700,5.6000,5.5500,5.5500,5.5900,14775452,82256412.0000,-0.715563,LL,Down
2018-12-17,sh.601998,5.5400,5.5700,5.5300,5.5700,5.5500,11857616,65772187.0000,0.360360,LH,Up
2018-12-18,sh.601998,5.5300,5.5700,5.5100,5.5200,5.5700,13352817,73849611.0000,-0.897669,LL,Down
2018-12-19,sh.601998,5.5400,5.5400,5.5000,5.5000,5.5200,10599148,58533665.0000,-0.362318,HL,Down
2018-12-20,sh.601998,5.5000,5.5100,5.3800,5.4400,5.5000,23991890,130400100.0000,-1.090908,SL,Down
2018-12-21,sh.601998,5.4100,5.4300,5.3400,5.4100,5.4400,17530178,94305939.0000,-0.551474,LS,Down
2018-12-24,sh.601998,5.3700,5.5000,5.3600,5.4800,5.4100,17466180,94922629.0000,1.293903,LH,Up
2018-12-25,sh.601998,5.4500,5.4700,5.3100,5.3900,5.4800,21400515,115068144.0000,-1.642339,LL,Down
2018-12-26,sh.601998,5.3800,5.4100,5.3600,5.3900,5.3900,12891201,69444593.0000,0.000000,LH,Smooth
2018-12-27,sh.601998,5.4200,5.4400,5.3600,5.3700,5.3900,16423538,88711654.0000,-0.371057,HL,Down
2018-12-28,sh.601998,5.3800,5.4700,5.3800,5.4500,5.3700,19489686,105833772.0000,1.489757,HH,Up
