date,code,open,high,low,close,preclose,volume,amount,pctChg,label,UpOrDown
2005-01-04,sh.600511,6.3200,6.3200,6.2300,6.2500,6.2900,82600,517316.0000,-0.640000,HL,Down
2005-01-05,sh.600511,6.2600,6.3700,6.2200,6.3200,6.2500,112010,704443.0000,1.120000,HH,Up
2005-01-06,sh.600511,6.2300,6.3600,6.2300,6.3000,6.3200,37600,236574.0000,-0.320000,LH,Down
2005-01-07,sh.600511,6.3000,6.4000,6.2300,6.3400,6.3000,139950,884315.0000,0.630000,SH,Up
2005-01-10,sh.600511,6.3000,6.4000,6.2300,6.4000,6.3400,81438,516431.0000,0.950000,LH,Up
2005-01-11,sh.600511,6.4000,6.4400,6.3400,6.3900,6.4000,104100,663995.0000,-0.160000,SL,Down
2005-01-12,sh.600511,6.4100,6.4100,6.2800,6.3900,6.3900,183567,1159758.0000,0.000000,HL,Smooth
2005-01-13,sh.600511,6.3800,6.3800,6.2800,6.3200,6.3900,181939,1148600.0000,-1.100000,LL,Down
2005-01-14,sh.600511,6.4000,6.4000,6.2600,6.3100,6.3200,134000,846684.0000,-0.160000,HL,Down
2005-01-17,sh.600511,6.2400,6.2900,6.1100,6.1600,6.3100,200118,1231399.0000,-2.380000,LL,Down
2005-01-18,sh.600511,6.2000,6.2500,6.1300,6.2400,6.1600,91100,562990.0000,1.300000,HH,Up
2005-01-19,sh.600511,6.2000,6.2000,6.1300,6.1600,6.2400,100500,620193.0000,-1.280000,LL,Down
2005-01-20,sh.600511,6.1300,6.1300,5.9000,5.9300,6.1600,350800,2093984.0000,-3.730000,LL,Down
2005-01-21,sh.600511,5.8800,6.0900,5.8700,6.0700,5.9300,321131,1915321.0000,2.360000,LH,Up
2005-01-24,sh.600511,6.1700,6.3000,6.1000,6.2100,6.0700,349651,2160297.0000,2.310000,HH,Up
2005-01-25,sh.600511,6.1100,6.2200,6.0500,6.2000,6.2100,312109,1904212.0000,-0.160000,LH,Down
2005-01-26,sh.600511,6.1700,6.2000,6.1100,6.1200,6.2000,91519,563066.0000,-1.290000,LL,Down
2005-01-27,sh.600511,6.1100,6.1200,6.0200,6.0200,6.1200,102200,620264.0000,-1.630000,LL,Down
2005-01-28,sh.600511,6.0000,6.0800,5.8800,5.9100,6.0200,137000,812316.0000,-1.830000,LL,Down
2005-01-31,sh.600511,5.7800,5.8800,5.7200,5.7300,5.9100,191669,1102844.0000,-3.050000,LL,Down
2005-02-01,sh.600511,5.7300,5.8000,5.6400,5.7000,5.7300,138349,790661.0000,-0.520000,SL,Down
2005-02-02,sh.600511,5.7800,6.0400,5.6800,6.0100,5.7000,404986,2390986.0000,5.440000,HH,Up
2005-02-03,sh.600511,6.0000,6.0700,5.8000,5.8400,6.0100,321800,1907830.0000,-2.830000,LL,Down
2005-02-04,sh.600511,5.8100,6.0000,5.7500,5.9700,5.8400,254671,1506045.0000,2.230000,LH,Up
2005-02-16,sh.600511,6.0000,6.0900,5.8400,6.0600,5.9700,246295,1481793.0000,1.510000,HH,Up
2005-02-17,sh.600511,6.0100,6.2400,5.9500,6.2100,6.0600,418457,2578576.0000,2.480000,LH,Up
2005-02-18,sh.600511,6.1300,6.2900,6.0500,6.0700,6.2100,263810,1632884.0000,-2.250000,LL,Down
2005-02-21,sh.600511,6.0700,6.2600,6.0700,6.2500,6.0700,237160,1471145.0000,2.970000,SH,Up
2005-02-22,sh.600511,6.2500,6.3800,6.2000,6.3500,6.2500,351360,2212700.0000,1.600000,SH,Up
2005-02-23,sh.600511,6.3200,6.4000,6.2600,6.3400,6.3500,344753,2183326.0000,-0.160000,LH,Down
2005-02-24,sh.600511,6.3200,6.3500,6.2500,6.3200,6.3400,330700,2079262.0000,-0.320000,LS,Down
2005-02-25,sh.600511,6.3000,6.4300,6.2900,6.3400,6.3200,557863,3546926.0000,0.320000,LH,Up
2005-02-28,sh.600511,6.3400,6.3400,6.1800,6.2100,6.3400,357791,2233496.0000,-2.050000,SL,Down
2005-03-01,sh.600511,6.2000,6.2100,6.1500,6.2000,6.2100,277061,1711314.0000,-0.160000,LS,Down
2005-03-02,sh.600511,6.2000,6.2700,6.0300,6.0500,6.2000,365665,2250806.0000,-2.420000,SL,Down
2005-03-03,sh.600511,6.0600,6.1500,6.0500,6.1300,6.0500,242589,1478412.0000,1.320000,HH,Up
2005-03-04,sh.600511,6.1500,6.1600,6.1000,6.1500,6.1300,163405,1003163.0000,0.330000,HS,Up
2005-03-07,sh.600511,6.1500,6.2000,6.1200,6.1900,6.1500,142572,878274.0000,0.650000,SH,Up
2005-03-08,sh.600511,6.1000,6.3200,6.1000,6.3000,6.1900,450019,2813774.0000,1.780000,LH,Up
2005-03-09,sh.600511,6.3500,6.3600,6.2500,6.2800,6.3000,344788,2171234.0000,-0.320000,HL,Down
2005-03-10,sh.600511,6.2800,6.4200,6.1700,6.2000,6.2800,849562,5387307.0000,-1.270000,SL,Down
2005-03-11,sh.600511,6.1600,6.2300,6.1100,6.1700,6.2000,326116,2010656.0000,-0.480000,LH,Down
2005-03-14,sh.600511,6.1700,6.2000,5.8900,6.1000,6.1700,530771,3205859.0000,-1.130000,SL,Down
2005-03-15,sh.600511,6.0900,6.1200,5.9600,5.9700,6.1000,290970,1749338.0000,-2.130000,LL,Down
2005-03-16,sh.600511,6.0000,6.0000,5.9000,5.9500,5.9700,177890,1056945.0000,-0.340000,HL,Down
2005-03-17,sh.600511,5.9200,5.9500,5.8800,5.8900,5.9500,139839,826730.0000,-1.010000,LL,Down
2005-03-18,sh.600511,5.8600,5.8900,5.7900,5.8000,5.8900,237100,1381834.0000,-1.530000,LL,Down
2005-03-21,sh.600511,5.7800,5.8400,5.7200,5.7700,5.8000,102700,593324.0000,-0.520000,LL,Down
2005-03-22,sh.600511,5.7500,5.8000,5.3900,5.5100,5.7700,294999,1653410.0000,-4.510000,LL,Down
2005-03-23,sh.600511,5.5700,5.6200,5.4800,5.5500,5.5100,291643,1615191.0000,0.730000,HL,Up
2005-03-24,sh.600511,5.8000,5.8400,5.6500,5.7500,5.5500,773524,4425055.0000,3.600000,HL,Up
2005-03-25,sh.600511,5.6400,5.7500,5.6400,5.6700,5.7500,337715,1922234.0000,-1.390000,LH,Down
2005-03-28,sh.600511,5.5500,5.7100,5.4300,5.6800,5.6700,251987,1397966.0000,0.180000,LH,Up
2005-03-29,sh.600511,5.6000,5.6600,5.5000,5.5800,5.6800,244789,1365783.0000,-1.760000,LL,Down
2005-03-30,sh.600511,5.5200,5.6000,5.3000,5.3800,5.5800,328287,1780086.0000,-3.580000,LL,Down
2005-03-31,sh.600511,5.3500,5.4000,5.2500,5.3300,5.3800,345014,1827628.0000,-0.930000,LL,Down
2005-04-01,sh.600511,5.3300,5.6300,5.2200,5.5100,5.3300,393708,2125235.0000,3.380000,SH,Up
2005-04-04,sh.600511,5.4000,5.4500,5.3600,5.4100,5.5100,235473,1272439.0000,-1.810000,LH,Down
2005-04-05,sh.600511,5.3600,5.4500,5.2600,5.2700,5.4100,159800,858128.0000,-2.590000,LL,Down
2005-04-06,sh.600511,5.2500,5.4300,5.2200,5.3900,5.2700,227861,1211091.0000,2.280000,LH,Up
2005-04-07,sh.600511,5.3800,5.6400,5.3500,5.5300,5.3900,758769,4227008.0000,2.600000,LH,Up
2005-04-08,sh.600511,5.5800,5.8900,5.5400,5.8200,5.5300,894624,5093385.0000,5.240000,HH,Up
2005-04-11,sh.600511,5.8500,5.9900,5.7200,5.7500,5.8200,592649,3433959.0000,-1.200000,HL,Down
2005-04-12,sh.600511,5.7200,5.7500,5.5600,5.6000,5.7500,292519,1648922.0000,-2.610000,LL,Down
2005-04-13,sh.600511,5.6300,5.8500,5.6300,5.7500,5.6000,460936,2629141.0000,2.680000,HH,Up
2005-04-14,sh.600511,5.7800,5.7800,5.5900,5.6000,5.7500,179936,1016206.0000,-2.610000,HL,Down
2005-04-15,sh.600511,5.6100,5.6200,5.4000,5.4200,5.6000,341614,1867458.0000,-3.210000,HL,Down
2005-04-18,sh.600511,5.2300,5.4100,5.2300,5.3500,5.4200,131300,701455.0000,-1.290000,LH,Down
2005-04-19,sh.600511,5.3000,5.4800,5.2900,5.4400,5.3500,241063,1292005.0000,1.680000,LH,Up
2005-04-20,sh.600511,5.3700,5.6000,5.3500,5.4800,5.4400,443151,2432550.0000,0.740000,LH,Up
2005-04-21,sh.600511,5.4200,5.4800,5.2300,5.2500,5.4800,237400,1263639.0000,-4.200000,LL,Down
2005-04-22,sh.600511,5.4600,5.7800,5.4600,5.7800,5.2500,1175058,6763056.0000,10.100000,HH,Up
2005-04-25,sh.600511,6.0400,6.0400,5.7400,5.9300,5.7800,3209070,18847538.0000,2.600000,HL,Up
2005-04-26,sh.600511,5.9000,6.0900,5.8000,5.9800,5.9300,2016234,12051511.0000,0.840000,LH,Up
2005-04-27,sh.600511,5.9500,6.1200,5.8900,6.0700,5.9800,1527103,9178761.0000,1.510000,LH,Up
2005-04-28,sh.600511,6.0300,6.2500,5.9600,6.1900,6.0700,1592114,9776364.0000,1.980000,LH,Up
2005-05-09,sh.600511,6.2000,6.2000,5.7700,5.8000,6.1900,850937,5014909.0000,-6.300000,HL,Down
2005-05-10,sh.600511,5.7900,5.9500,5.7100,5.9500,5.8000,964851,5649538.0000,2.590000,LH,Up
2005-05-11,sh.600511,5.9200,6.1100,5.9000,5.9100,5.9500,1064331,6390241.0000,-0.670000,LL,Down
2005-05-12,sh.600511,5.9000,5.9600,5.7700,5.8900,5.9100,645640,3777337.0000,-0.340000,LL,Down
2005-05-13,sh.600511,5.8500,6.0400,5.8200,6.0300,5.8900,646985,3835167.0000,2.380000,LH,Up
2005-05-16,sh.600511,6.0000,6.1700,5.9500,6.1300,6.0300,1327711,8095731.0000,1.660000,LH,Up
2005-05-17,sh.600511,6.0900,6.2000,6.0300,6.0800,6.1300,847391,5176855.0000,-0.820000,LL,Down
2005-05-18,sh.600511,6.0800,6.1500,5.9500,6.1000,6.0800,653035,3962251.0000,0.330000,SH,Up
2005-05-19,sh.600511,6.1300,6.1700,5.9500,6.0400,6.1000,858097,5181039.0000,-0.980000,HL,Down
2005-05-20,sh.600511,6.0300,6.0700,5.9000,5.9100,6.0400,724987,4318413.0000,-2.150000,LL,Down
2005-05-23,sh.600511,5.9000,5.9000,5.7500,5.7600,5.9100,613021,3557489.0000,-2.540000,LL,Down
2005-05-24,sh.600511,5.7600,5.9700,5.7300,5.9200,5.7600,557301,3278815.0000,2.780000,SH,Up
2005-05-25,sh.600511,5.9100,5.9600,5.7800,5.8200,5.9200,642247,3766339.0000,-1.690000,LL,Down
2005-05-26,sh.600511,5.8200,5.8800,5.5100,5.5500,5.8200,765951,4348020.0000,-4.640000,SL,Down
2005-05-27,sh.600511,5.5100,5.6300,5.4300,5.4400,5.5500,762532,4185284.0000,-1.980000,LL,Down
2005-05-30,sh.600511,5.4400,5.6000,5.4000,5.5500,5.4400,361098,1992498.0000,2.020000,SH,Up
2005-05-31,sh.600511,5.5800,5.6000,5.4700,5.4800,5.5500,312051,1728276.0000,-1.260000,HL,Down
2005-06-01,sh.600511,5.5000,5.5400,5.4300,5.4400,5.4800,294563,1612771.0000,-0.730000,HL,Down
2005-06-02,sh.600511,5.4400,5.4400,5.1800,5.3400,5.4400,955457,5046911.0000,-1.840000,SL,Down
2005-06-03,sh.600511,5.2900,5.6300,5.2500,5.3800,5.3400,775545,4205177.0000,0.750000,LH,Up
2005-06-06,sh.600511,5.3800,5.5000,5.3100,5.4900,5.3800,327700,1774957.0000,2.040000,SH,Up
2005-06-07,sh.600511,5.4900,5.6500,5.4200,5.4600,5.4900,841900,4644690.0000,-0.550000,SL,Down
2005-06-08,sh.600511,5.4000,5.9800,5.4000,5.9400,5.4600,2042933,11719430.0000,8.790000,LH,Up
2005-06-09,sh.600511,5.9400,6.2300,5.8000,5.9800,5.9400,1516920,9070470.0000,0.670000,SH,Up
2005-06-10,sh.600511,5.9100,5.9200,5.7100,5.7300,5.9800,967128,5600030.0000,-4.180000,LL,Down
2005-06-13,sh.600511,5.7100,5.7900,5.6300,5.7600,5.7300,482255,2758802.0000,0.520000,LH,Up
2005-06-14,sh.600511,5.7600,5.8600,5.6400,5.6700,5.7600,489301,2826521.0000,-1.560000,SL,Down
2005-06-15,sh.600511,5.6600,5.6600,5.4400,5.4400,5.6700,588150,3254287.0000,-4.060000,LL,Down
2005-06-16,sh.600511,5.4200,5.5600,5.4000,5.5300,5.4400,321841,1766181.0000,1.650000,LH,Up
2005-06-17,sh.600511,5.5400,5.5900,5.4800,5.5600,5.5300,326993,1812812.0000,0.540000,HH,Up
2005-06-20,sh.600511,5.5200,5.7200,5.4600,5.7200,5.5600,549414,3097799.0000,2.880000,LH,Up
2005-06-21,sh.600511,5.7200,5.7700,5.6600,5.7500,5.7200,462800,2650153.0000,0.520000,SH,Up
2005-06-22,sh.600511,5.7500,5.7800,5.6400,5.7500,5.7500,303490,1730248.0000,0.000000,SS,Smooth
2005-06-23,sh.600511,5.7700,5.8500,5.6700,5.7100,5.7500,382099,2204199.0000,-0.700000,HL,Down
2005-06-24,sh.600511,5.6000,5.7200,5.5600,5.6900,5.6100,280399,1591941.0000,1.430000,LH,Up
2005-06-27,sh.600511,5.7100,5.9300,5.7100,5.9100,5.6900,1014160,5940978.0000,3.870000,HH,Up
2005-06-28,sh.600511,5.8900,5.8900,5.7600,5.8000,5.9100,563200,3268709.0000,-1.860000,LL,Down
2005-06-29,sh.600511,5.8500,5.9500,5.7800,5.9000,5.8000,824597,4852098.0000,1.720000,HH,Up
2005-06-30,sh.600511,5.8000,5.8900,5.6600,5.6700,5.9000,579600,3329595.0000,-3.900000,LL,Down
2005-07-01,sh.600511,5.6700,5.6700,5.4200,5.4500,5.6700,471528,2609796.0000,-3.880000,SL,Down
2005-07-04,sh.600511,5.4200,5.4900,5.3000,5.4800,5.4500,293838,1588282.0000,0.550000,LH,Up
2005-07-05,sh.600511,5.5000,5.6500,5.4500,5.4700,5.4800,242122,1337070.0000,-0.180000,HL,Down
2005-07-06,sh.600511,5.4600,5.5300,5.4400,5.4700,5.4700,152400,834004.0000,0.000000,LH,Smooth
2005-07-07,sh.600511,5.4600,5.5700,5.4600,5.5300,5.4700,180697,994599.0000,1.100000,LH,Up
2005-07-08,sh.600511,5.5300,5.5800,5.3000,5.3400,5.5300,326050,1773439.0000,-3.440000,SL,Down
2005-07-11,sh.600511,5.3200,5.5400,5.3200,5.3500,5.3400,227300,1234748.0000,0.190000,LH,Up
2005-07-12,sh.600511,5.4000,5.6300,5.1800,5.6000,5.3500,586679,3184128.0000,4.670000,HH,Up
2005-07-13,sh.600511,5.5300,5.5700,5.4100,5.4700,5.6000,236850,1301693.0000,-2.320000,LL,Down
2005-07-14,sh.600511,5.3600,5.5300,5.3600,5.4500,5.4700,191450,1044708.0000,-0.370000,LH,Down
2005-07-15,sh.600511,5.4200,5.5200,5.2600,5.2700,5.4500,267200,1432120.0000,-3.300000,LL,Down
2005-07-18,sh.600511,5.2500,5.3300,5.2200,5.2500,5.2700,197682,1039910.0000,-0.380000,LS,Down
2005-07-19,sh.600511,5.3000,5.3500,5.2200,5.2700,5.2500,165700,876920.0000,0.380000,HL,Up
2005-07-20,sh.600511,5.2200,5.3400,5.2200,5.2700,5.2700,178850,946329.0000,0.000000,LH,Smooth
2005-07-21,sh.600511,5.2700,5.2800,5.2100,5.2300,5.2700,281100,1470628.0000,-0.760000,SL,Down
2005-07-22,sh.600511,5.2400,5.4200,5.2100,5.3600,5.2300,562019,2978389.0000,2.490000,HH,Up
2005-07-25,sh.600511,5.3600,5.4200,5.2900,5.3700,5.3600,227289,1215328.0000,0.190000,SH,Up
2005-07-26,sh.600511,5.3300,5.5400,5.3300,5.5300,5.3700,493470,2700227.0000,2.980000,LH,Up
2005-07-27,sh.600511,5.5600,5.6300,5.4200,5.6000,5.5300,510798,2819241.0000,1.270000,HH,Up
2005-07-28,sh.600511,5.5800,5.6000,5.4700,5.5100,5.6000,614752,3399343.0000,-1.610000,LL,Down
2005-07-29,sh.600511,5.4500,5.5000,5.3800,5.4800,5.5100,398738,2171449.0000,-0.540000,LH,Down
2005-08-01,sh.600511,5.5000,5.5500,5.4600,5.5200,5.4800,216285,1189466.0000,0.729926,HH,Up
2005-08-02,sh.600511,5.5200,5.6000,5.5100,5.6000,5.5200,395111,2196896.0000,1.449274,SH,Up
2005-08-03,sh.600511,5.6000,5.7000,5.5800,5.6500,5.6000,664077,3748544.0000,0.892860,SH,Up
2005-08-04,sh.600511,5.5600,5.8200,5.5600,5.7800,5.6500,1138355,6506125.0000,2.300887,LH,Up
2005-08-05,sh.600511,5.8900,6.3600,5.8800,6.3400,5.7800,6354203,39114146.0000,9.688580,HH,Up
2005-08-08,sh.600511,6.3700,6.5000,6.2500,6.3800,6.3400,5196933,33192505.0000,0.630914,HH,Up
2005-08-09,sh.600511,6.3500,6.5500,6.2400,6.4700,6.3800,2587584,16626489.0000,1.410653,LH,Up
2005-08-10,sh.600511,6.5100,6.5100,6.2900,6.4100,6.4700,1592353,10147232.0000,-0.927356,HL,Down
2005-08-11,sh.600511,6.4200,6.5700,6.3600,6.5200,6.4100,2900492,18739255.0000,1.716071,HH,Up
2005-08-12,sh.600511,6.5000,6.6000,6.3500,6.4000,6.5200,2238792,14445276.0000,-1.840489,LL,Down
2005-08-15,sh.600511,6.4000,6.7200,6.3500,6.6700,6.4000,2796159,18465172.0000,4.218750,SH,Up
2005-08-16,sh.600511,6.7000,6.9900,6.6200,6.7100,6.6700,4869800,33375903.0000,0.599700,HH,Up
2005-08-17,sh.600511,6.6500,6.9500,6.6000,6.7900,6.7100,2027427,13752074.0000,1.192249,LH,Up
2005-08-18,sh.600511,6.7800,6.8400,6.3200,6.3700,6.7900,2194937,14483570.0000,-6.185568,LL,Down
2005-08-19,sh.600511,6.3000,6.6600,6.3000,6.4400,6.3700,1321415,8572618.0000,1.098904,LH,Up
2005-08-22,sh.600511,6.4800,6.5800,6.3700,6.5400,6.4400,687687,4472481.0000,1.552794,HH,Up
2005-08-23,sh.600511,6.4500,6.5500,6.3600,6.3800,6.5400,652028,4184680.0000,-2.446481,LL,Down
2005-08-24,sh.600511,6.4200,6.6200,6.4200,6.5700,6.3800,1155846,7556891.0000,2.978057,HH,Up
2005-08-25,sh.600511,6.6200,6.9400,6.6200,6.8400,6.5700,4624246,31444947.0000,4.109589,HH,Up
2005-08-26,sh.600511,6.8100,6.8400,6.6800,6.7700,6.8400,1498425,10093590.0000,-1.023394,LL,Down
2005-08-29,sh.600511,6.7200,6.7400,6.4900,6.5600,6.7700,985524,6483250.0000,-3.101921,LL,Down
2005-08-30,sh.600511,6.5800,6.6500,6.5000,6.5100,6.5600,607662,4002277.0000,-0.762191,HL,Down
2005-08-31,sh.600511,6.4800,6.7400,6.4700,6.6900,6.5100,877440,5802069.0000,2.764974,LH,Up
2005-09-01,sh.600511,6.6800,6.8300,6.6200,6.7700,6.6900,1374576,9309693.0000,1.195814,LH,Up
2005-09-02,sh.600511,6.8400,6.8400,6.7000,6.8000,6.7700,1115688,7561471.0000,0.443134,HL,Up
2005-09-05,sh.600511,6.8500,6.9300,6.7100,6.9000,6.8000,967242,6587867.0000,1.470587,HH,Up
2005-09-06,sh.600511,6.9300,6.9500,6.6500,6.6800,6.9000,1748950,11851632.0000,-3.188410,HL,Down
2005-09-07,sh.600511,6.6500,6.8200,6.6500,6.8100,6.6800,1069400,7206764.0000,1.946110,LH,Up
2005-09-08,sh.600511,6.8900,6.9500,6.7500,6.8600,6.8100,2408368,16569770.0000,0.734217,HL,Up
2005-09-09,sh.600511,6.8600,7.0500,6.8500,6.9500,6.8600,2420086,16884632.0000,1.311949,SH,Up
2005-09-12,sh.600511,7.0400,7.2300,6.8600,6.8800,6.9500,3087973,21828719.0000,-1.007190,HL,Down
2005-09-13,sh.600511,6.8800,6.9800,6.8700,6.9500,6.8800,1395376,9652664.0000,1.017437,SH,Up
2005-09-14,sh.600511,7.0000,7.0400,6.9300,7.0100,6.9500,1421309,9924023.0000,0.863316,HH,Up
2005-09-15,sh.600511,7.0100,7.0500,6.8900,6.9500,7.0100,1467240,10175287.0000,-0.855926,SL,Down
2005-09-16,sh.600511,6.9500,6.9700,6.8700,6.9200,6.9500,826871,5722779.0000,-0.431651,SL,Down
2005-09-19,sh.600511,6.9200,6.9800,6.8500,6.9200,6.9200,1050130,7242641.0000,0.000000,SS,Smooth
2005-09-20,sh.600511,6.9200,6.9300,6.6900,6.7600,6.9200,1729801,11765700.0000,-2.312136,SL,Down
2005-09-21,sh.600511,6.7400,6.7900,6.6100,6.6200,6.7600,1120885,7517442.0000,-2.071011,LL,Down
2005-09-22,sh.600511,6.6000,6.6800,6.3700,6.4200,6.6200,964781,6267673.0000,-3.021145,LL,Down
2005-09-23,sh.600511,6.4900,6.5400,6.4000,6.4200,6.4200,520936,3362174.0000,0.000000,HL,Smooth
2005-09-26,sh.600511,6.4500,6.5200,6.3300,6.4800,6.4200,434392,2795166.0000,0.934579,HH,Up
2005-09-27,sh.600511,6.4400,6.5400,6.4000,6.5000,6.4800,939188,6089152.0000,0.308642,LH,Up
2005-09-28,sh.600511,6.4700,6.6100,6.4600,6.5000,6.5000,526019,3436075.0000,0.000000,LH,Smooth
2005-09-29,sh.600511,6.4500,6.6000,6.4300,6.5800,6.5000,786326,5142824.0000,1.230768,LH,Up
2005-09-30,sh.600511,6.5800,6.6500,6.5300,6.5600,6.5800,531526,3496411.0000,-0.303951,SL,Down
2005-10-10,sh.600511,6.5800,6.5800,6.2100,6.3000,6.5600,1037736,6580162.0000,-3.963411,HL,Down
2005-10-11,sh.600511,6.3000,6.4800,6.3000,6.4100,6.3000,884848,5650153.0000,1.746026,SH,Up
2005-10-12,sh.600511,6.3600,6.5400,6.3500,6.5000,6.4100,663050,4272439.0000,1.404059,LH,Up
2005-10-13,sh.600511,6.5000,6.6400,6.4600,6.5000,6.5000,865391,5675433.0000,0.000000,SS,Smooth
2005-10-14,sh.600511,6.4800,6.5000,6.3000,6.3300,6.5000,620198,3967016.0000,-2.615386,LL,Down
2005-10-17,sh.600511,6.2900,6.4400,6.2900,6.4300,6.3300,528916,3352818.0000,1.579777,LH,Up
2005-10-18,sh.600511,6.4300,6.5500,6.3800,6.5300,6.4300,754900,4879671.0000,1.555216,SH,Up
2005-10-19,sh.600511,6.5300,6.8500,6.5100,6.6800,6.5300,2149231,14393339.0000,2.297084,SH,Up
2005-10-20,sh.600511,6.6200,6.6800,6.4700,6.6400,6.6800,1236129,8129900.0000,-0.598802,LH,Down
2005-10-21,sh.600511,6.6800,6.8200,6.6400,6.7900,6.6400,1289525,8727364.0000,2.259038,HH,Up
2005-10-24,sh.600511,6.8500,6.9600,6.6900,6.7300,6.7900,1533729,10452594.0000,-0.883652,HL,Down
2005-10-25,sh.600511,6.7800,6.9000,6.6600,6.6800,6.7300,1432879,9758571.0000,-0.742945,HL,Down
2005-10-26,sh.600511,6.6800,6.9500,6.6200,6.7900,6.6800,2532563,17273354.0000,1.646709,SH,Up
2005-10-27,sh.600511,6.7800,6.9600,6.4500,6.5300,6.7900,2759956,18501272.0000,-3.829157,LL,Down
2005-10-28,sh.600511,6.5400,6.5600,6.1000,6.2900,6.5300,1900803,11985641.0000,-3.675348,HL,Down
2005-10-31,sh.600511,6.2500,6.2600,6.1400,6.2200,6.2900,723239,4483775.0000,-1.112880,LL,Down
2005-11-01,sh.600511,6.2200,6.2200,5.9500,6.1100,6.2200,1100349,6673765.0000,-1.768483,SL,Down
2005-11-02,sh.600511,6.1100,6.2500,6.1100,6.2000,6.1100,778669,4822072.0000,1.472990,SH,Up
2005-11-03,sh.600511,6.1700,6.2800,6.1000,6.1200,6.2000,662500,4089400.0000,-1.290321,LL,Down
2005-11-04,sh.600511,6.1200,6.2300,6.1200,6.2300,6.1200,572062,3531321.0000,1.797388,SH,Up
2005-11-07,sh.600511,6.2300,6.4200,6.2000,6.4000,6.2300,921409,5834991.0000,2.728733,SH,Up
2005-11-08,sh.600511,6.3900,6.4400,6.3100,6.4200,6.4000,676908,4316400.0000,0.312500,LH,Up
2005-11-09,sh.600511,6.4000,6.4500,6.2900,6.3000,6.4200,772495,4891158.0000,-1.869157,LL,Down
2005-11-10,sh.600511,6.3000,6.3100,6.0900,6.1100,6.3000,651100,4025224.0000,-3.015874,SL,Down
2005-11-11,sh.600511,6.0900,6.1700,6.0400,6.1200,6.1100,502998,3071573.0000,0.163662,LH,Up
2005-11-14,sh.600511,6.1000,6.1800,6.0700,6.1700,6.1200,233800,1431403.0000,0.816997,LH,Up
2005-11-15,sh.600511,6.1700,6.2400,6.1200,6.1500,6.1700,224900,1392678.0000,-0.324149,SL,Down
2005-11-16,sh.600511,6.1400,6.2000,6.0200,6.2000,6.1500,338828,2063358.0000,0.813003,LH,Up
2005-11-17,sh.600511,6.2000,6.3200,6.1400,6.2800,6.2000,615614,3860843.0000,1.290329,SH,Up
2005-11-18,sh.600511,6.2800,6.4400,6.2600,6.3900,6.2800,796199,5074673.0000,1.751587,SH,Up
2005-11-21,sh.600511,6.3600,6.4500,6.3400,6.3600,6.3900,383995,2455200.0000,-0.469479,LS,Down
2005-11-22,sh.600511,6.3600,6.4300,6.2500,6.3600,6.3600,1035425,6557523.0000,0.000000,SS,Smooth
2005-11-23,sh.600511,6.3100,6.3700,6.2800,6.3300,6.3600,522549,3301014.0000,-0.471701,LH,Down
2005-11-24,sh.600511,6.3600,6.4800,6.3600,6.4000,6.3300,664524,4273562.0000,1.105848,HH,Up
2005-11-25,sh.600511,6.4000,6.4300,6.3000,6.3700,6.4000,273095,1731741.0000,-0.468753,SL,Down
2005-11-28,sh.600511,6.3600,6.3900,6.2500,6.3000,6.3700,323985,2047655.0000,-1.098896,LL,Down
2005-11-29,sh.600511,6.2500,6.2800,6.1700,6.1800,6.3000,739600,4593601.0000,-1.904768,LL,Down
2005-11-30,sh.600511,6.2000,6.2000,6.1300,6.1800,6.1800,514100,3172440.0000,0.000000,HL,Smooth
2005-12-01,sh.600511,6.1800,6.2800,6.1800,6.2200,6.1800,298245,1856529.0000,0.647249,SH,Up
2005-12-02,sh.600511,6.2200,6.2200,6.0600,6.1000,6.2200,605419,3700962.0000,-1.929259,SL,Down
2005-12-05,sh.600511,6.1100,6.1100,5.9600,5.9800,6.1000,477304,2871208.0000,-1.967211,HL,Down
2005-12-06,sh.600511,5.9800,6.0200,5.8800,5.9700,5.9800,386640,2304427.0000,-0.167228,SL,Down
2005-12-07,sh.600511,6.0000,6.0200,5.9100,5.9800,5.9700,357795,2129548.0000,0.167508,HL,Up
2005-12-08,sh.600511,6.0200,6.0300,5.9300,5.9500,5.9800,261290,1560352.0000,-0.501676,HL,Down
2005-12-09,sh.600511,6.0100,6.1800,6.0000,6.0900,5.9500,367485,2231238.0000,2.352947,HH,Up
2005-12-12,sh.600511,6.1000,6.1500,6.0300,6.1100,6.0900,257159,1567014.0000,0.328407,HH,Up
2005-12-13,sh.600511,6.1200,6.1200,6.0000,6.0900,6.1100,398378,2410443.0000,-0.327332,HL,Down
2005-12-14,sh.600511,6.0900,6.1800,6.0400,6.1800,6.0900,430829,2644334.0000,1.477827,SH,Up
2005-12-15,sh.600511,6.1800,6.2300,6.1000,6.1200,6.1800,507800,3129480.0000,-0.970873,SL,Down
2005-12-16,sh.600511,6.1000,6.1500,6.0800,6.1200,6.1200,354849,2168525.0000,0.000000,LH,Smooth
2005-12-19,sh.600511,6.1200,6.1600,6.1000,6.1400,6.1200,211247,1296698.0000,0.326797,SH,Up
2005-12-20,sh.600511,6.1200,6.1900,6.1000,6.1600,6.1400,284550,1750457.0000,0.325733,LH,Up
2005-12-21,sh.600511,6.1800,6.2200,6.1500,6.1900,6.1600,640600,3967011.0000,0.487016,HH,Up
2005-12-22,sh.600511,6.1900,6.1900,6.1200,6.1800,6.1900,378594,2329152.0000,-0.161555,SL,Down
2005-12-23,sh.600511,6.1600,6.2500,6.1400,6.2400,6.1800,547759,3394919.0000,0.970873,LH,Up
2005-12-26,sh.600511,6.2400,6.2900,6.2200,6.2300,6.2400,607646,3803119.0000,-0.160252,SL,Down
2005-12-28,sh.600511,6.2400,6.2400,6.1700,6.2100,6.2300,585294,3621958.0000,-0.321027,HL,Down
2005-12-29,sh.600511,6.2000,6.3800,6.2000,6.3600,6.2100,825427,5222461.0000,2.415461,LH,Up
2005-12-30,sh.600511,6.4000,6.4100,6.2500,6.2700,6.3600,665258,4207247.0000,-1.415097,HL,Down
2006-01-04,sh.600511,6.2700,6.4600,6.2700,6.4300,6.2700,1243469,7962998.0000,2.551832,SH,Up
2006-01-05,sh.600511,6.4200,6.5400,6.4000,6.5000,6.4300,1146106,7404402.0000,1.088650,LH,Up
2006-01-06,sh.600511,6.5000,6.6700,6.5000,6.6400,6.5000,1504393,9936384.0000,2.153844,SH,Up
2006-01-09,sh.600511,6.6400,6.7600,6.5500,6.6600,6.6400,1035984,6895441.0000,0.301204,SH,Up
2006-01-10,sh.600511,6.6600,6.6700,6.5400,6.6400,6.6600,924564,6102302.0000,-0.300300,SL,Down
2006-01-11,sh.600511,6.6300,6.6500,6.5000,6.5200,6.6400,980726,6438675.0000,-1.807227,LL,Down
2006-01-12,sh.600511,6.5500,6.8500,6.5200,6.8300,6.5200,1778494,12029156.0000,4.754601,HH,Up
2006-01-13,sh.600511,6.8500,6.8500,6.7100,6.7900,6.8300,1049839,7114828.0000,-0.585651,HL,Down
2006-01-16,sh.600511,6.7900,6.8000,6.6500,6.6600,6.7900,890391,5975465.0000,-1.914582,SL,Down
2006-01-17,sh.600511,6.6600,6.6800,6.5500,6.6200,6.6600,920750,6093378.0000,-0.600600,SL,Down
2006-01-18,sh.600511,6.6200,6.9200,6.6100,6.9000,6.6200,1626686,11122290.0000,4.229610,SH,Up
2006-01-19,sh.600511,6.9500,6.9900,6.8300,6.9600,6.9000,2001679,13863991.0000,0.869564,HH,Up
2006-01-20,sh.600511,6.9800,7.2100,6.9700,7.0900,6.9600,2508089,17831627.0000,1.867818,HH,Up
2006-01-23,sh.600511,7.0600,7.4600,7.0300,7.3600,7.0900,2067982,15076788.0000,3.808180,LH,Up
2006-01-24,sh.600511,7.3500,7.4400,7.2500,7.2900,7.3600,1413082,10381836.0000,-0.951089,LL,Down
2006-01-25,sh.600511,7.2800,7.3200,7.1100,7.2700,7.2900,1161767,8390062.0000,-0.274348,LL,Down
2006-02-06,sh.600511,7.3000,7.5800,7.2500,7.5300,7.2700,1381544,10371093.0000,3.576344,HH,Up
2006-02-07,sh.600511,7.5300,7.5400,7.2100,7.2800,7.5300,1404241,10345393.0000,-3.320053,SL,Down
2006-02-08,sh.600511,7.2100,7.3600,7.1700,7.3400,7.2800,941250,6805429.0000,0.824175,LH,Up
2006-02-09,sh.600511,7.3400,7.3400,7.0100,7.0400,7.3400,1651800,11731921.0000,-4.087196,SL,Down
2006-02-10,sh.600511,7.0400,7.1500,7.0300,7.0900,7.0400,908510,6430486.0000,0.710230,SH,Up
2006-02-13,sh.600511,7.3000,7.4400,7.2900,7.4300,7.0900,2601829,19181077.0000,4.795482,HH,Up
2006-02-14,sh.600511,7.4300,7.5100,7.3500,7.4300,7.4300,1029442,7639888.0000,0.000000,SS,Smooth
2006-02-15,sh.600511,7.4000,7.4100,7.2400,7.2700,7.4300,1191030,8704542.0000,-2.153430,LL,Down
2006-02-16,sh.600511,7.2700,7.2700,6.9500,6.9900,7.2700,1826414,12877465.0000,-3.851447,SL,Down
2006-02-17,sh.600511,6.9900,7.0700,6.9500,6.9600,6.9900,858240,6010285.0000,-0.429181,SL,Down
2006-02-20,sh.600511,6.9500,6.9500,6.7600,6.7700,6.9600,818841,5611540.0000,-2.729886,LL,Down
2006-02-21,sh.600511,6.7500,7.0000,6.7100,6.9800,6.7700,860643,5863554.0000,3.101921,LH,Up
2006-02-22,sh.600511,6.9800,6.9900,6.8800,6.8900,6.9800,660400,4576179.0000,-1.289400,SL,Down
2006-02-23,sh.600511,6.8800,6.9300,6.8200,6.8900,6.8900,386815,2654582.0000,0.000000,LH,Smooth
2006-02-24,sh.600511,6.9000,7.0400,6.8200,7.0200,6.8900,737421,5107136.0000,1.886794,HH,Up
2006-02-27,sh.600511,7.0100,7.0100,6.9000,6.9300,7.0200,722945,5029789.0000,-1.282053,LL,Down
2006-02-28,sh.600511,6.9900,6.9900,6.7600,6.8500,6.9300,623197,4262167.0000,-1.154400,HL,Down
2006-03-01,sh.600511,6.8500,6.9500,6.7900,6.9100,6.8500,1096614,7515794.0000,0.875912,SH,Up
2006-03-02,sh.600511,6.9500,7.0200,6.7400,6.7800,6.9100,826907,5705931.0000,-1.881326,HL,Down
2006-03-03,sh.600511,6.7900,6.8300,6.7100,6.7900,6.7800,549700,3719138.0000,0.147489,HS,Up
2006-03-06,sh.600511,6.7500,6.9500,6.7400,6.8200,6.7900,731122,5013957.0000,0.441829,LH,Up
2006-03-07,sh.600511,6.8600,6.9500,6.7200,6.8500,6.8200,1120041,7639791.0000,0.439879,HL,Up
2006-03-08,sh.600511,6.9300,6.9500,6.7300,6.9100,6.8500,1472608,10095391.0000,0.875912,HL,Up
2006-03-09,sh.600511,6.9500,7.2200,6.9500,7.1000,6.9100,4194644,29826622.0000,2.749639,HH,Up
2006-03-10,sh.600511,7.0500,7.1200,6.9200,6.9500,7.1000,1229595,8584894.0000,-2.112678,LL,Down
2006-03-13,sh.600511,6.9300,6.9300,6.8100,6.8900,6.9500,667755,4581207.0000,-0.863309,LL,Down
2006-03-14,sh.600511,6.8300,6.9200,6.7700,6.8300,6.8900,671692,4585066.0000,-0.870826,LS,Down
2006-03-15,sh.600511,6.8300,6.8700,6.7400,6.8500,6.8300,1131518,7689428.0000,0.292826,SH,Up
2006-03-16,sh.600511,6.8200,7.0800,6.7800,7.0600,6.8500,2313870,16174231.0000,3.065694,LH,Up
2006-03-17,sh.600511,7.0800,7.2500,7.0100,7.1900,7.0600,3955761,28320577.0000,1.841361,HH,Up
2006-03-20,sh.600511,7.3500,7.5200,7.2600,7.3600,7.1900,4589883,33958126.0000,2.364396,HH,Up
2006-03-21,sh.600511,7.3600,7.5100,7.2300,7.2400,7.3600,2585458,19084541.0000,-1.630440,SL,Down
2006-03-22,sh.600511,7.2200,7.4400,7.2200,7.4300,7.2400,1627084,11954827.0000,2.624310,LH,Up
2006-03-23,sh.600511,7.5100,7.9800,7.5100,7.8200,7.4300,5725754,44713100.0000,5.248995,HH,Up
2006-03-24,sh.600511,7.7500,7.9600,7.6600,7.6700,7.8200,2680629,20888845.0000,-1.918160,LL,Down
2006-06-14,sh.600511,8.4400,8.4400,8.4400,8.4400,7.6700,70055,591264.0000,10.039110,HS,Up
2006-06-15,sh.600511,9.2800,9.2800,9.2800,9.2800,8.4400,95115,882667.0000,9.952609,HS,Up
2006-06-16,sh.600511,10.2100,10.2100,10.2100,10.2100,9.2800,750987,7667577.0000,10.021550,HS,Up
2006-06-19,sh.600511,11.2300,11.2300,11.2300,11.2300,10.2100,1455144,16341267.0000,9.990201,HS,Up
2006-06-20,sh.600511,12.3500,12.3500,12.1000,12.3500,11.2300,12291586,151483197.0000,9.973293,HS,Up
2006-06-21,sh.600511,13.1400,13.1800,12.0100,12.3400,12.3500,12647022,160323892.0000,-0.080974,HL,Down
2006-06-22,sh.600511,12.0500,12.9000,12.0500,12.5000,12.3400,4856582,60962568.0000,1.296595,LH,Up
2006-06-23,sh.600511,12.3100,13.7500,12.3100,13.7500,12.5000,6096960,81710803.0000,10.000000,LH,Up
2006-06-26,sh.600511,13.7000,14.2800,13.4500,14.0500,13.7500,4454141,61949058.0000,2.181820,LH,Up
2006-06-27,sh.600511,14.0000,14.1900,13.8100,14.0100,14.0500,2422792,33931219.0000,-0.284697,LH,Down
2006-06-28,sh.600511,13.8800,15.2400,13.7300,14.8800,13.8600,2361922,34259160.0000,7.359311,HH,Up
2006-06-29,sh.600511,14.8000,15.0100,14.6000,14.9000,14.8800,1281680,19030556.0000,0.134405,LH,Up
2006-06-30,sh.600511,14.9000,14.9600,14.0700,14.4800,14.9000,1833538,26458597.0000,-2.818793,SL,Down
2006-07-03,sh.600511,14.4500,14.7500,14.2300,14.6400,14.4800,1510120,21942980.0000,1.104978,LH,Up
2006-07-04,sh.600511,14.6500,15.2000,14.4100,15.0500,14.6400,1748507,26033560.0000,2.800545,HH,Up
2006-07-05,sh.600511,15.0700,15.0700,14.4700,14.5100,15.0500,1429734,20994818.0000,-3.588039,HL,Down
2006-07-06,sh.600511,14.5100,14.7900,14.3600,14.6600,14.5100,851180,12423850.0000,1.033767,SH,Up
2006-07-07,sh.600511,14.6100,14.8000,14.5000,14.5500,14.6600,1003068,14630864.0000,-0.750339,LL,Down
2006-07-10,sh.600511,14.5000,14.8900,13.6700,14.6900,14.5500,1151954,16399418.0000,0.962195,LH,Up
2006-07-11,sh.600511,14.6500,14.6500,14.2000,14.2500,14.6900,796015,11393143.0000,-2.995232,LL,Down
2006-07-12,sh.600511,14.2500,14.3900,14.1000,14.3300,14.2500,918048,13076759.0000,0.561403,SH,Up
2006-07-13,sh.600511,14.3000,14.3300,13.5000,13.5000,14.3300,2058850,28501399.0000,-5.792044,LL,Down
2006-07-14,sh.600511,13.4500,14.8500,13.4000,14.6700,13.5000,2642158,38625657.0000,8.666667,LH,Up
2006-07-17,sh.600511,14.7800,14.8500,14.3500,14.7000,14.6700,652585,9540718.0000,0.204497,HL,Up
2006-07-18,sh.600511,14.6800,15.7400,14.5000,15.2100,14.7000,1757139,26643443.0000,3.469389,LH,Up
2006-07-19,sh.600511,15.2500,15.6600,14.9500,15.3000,15.2100,997090,15222855.0000,0.591717,HH,Up
2006-07-20,sh.600511,15.1100,15.5500,15.1100,15.4500,15.3000,646172,9925161.0000,0.980390,LH,Up
2006-07-21,sh.600511,14.7200,15.5500,14.7200,15.2000,15.4500,799372,12133250.0000,-1.618123,LH,Down
2006-07-24,sh.600511,15.1800,16.3800,14.7600,16.1700,15.2000,2068097,33040946.0000,6.381581,LH,Up
2006-07-25,sh.600511,16.1500,16.7600,16.1000,16.5500,16.1700,1839114,30275724.0000,2.350026,LH,Up
2006-07-26,sh.600511,16.5000,18.2100,16.5000,18.2100,16.5500,2863229,50519830.0000,10.030210,LH,Up
2006-07-27,sh.600511,18.4000,19.0000,17.7200,17.9200,18.2100,2544709,46519958.0000,-1.592526,HL,Down
2006-07-28,sh.600511,17.8000,18.1600,17.3000,17.4800,17.9200,1627732,28661712.0000,-2.455360,LL,Down
2006-08-23,sh.600511,14.0500,14.5000,13.1800,13.6500,17.4800,6039777,83873671.0000,-21.910760,LL,Down
2006-08-24,sh.600511,13.7900,14.0500,13.4500,13.6100,13.6500,2391956,32875609.0000,-0.293040,HL,Down
2006-08-25,sh.600511,13.6500,13.8000,12.9500,13.3000,13.6100,3211364,42717100.0000,-2.277733,HL,Down
2006-08-28,sh.600511,13.2500,13.6600,13.1200,13.5800,13.3000,2526796,33964720.0000,2.105261,LH,Up
2006-08-29,sh.600511,13.6000,13.6400,13.2800,13.4800,13.5800,1766987,23744879.0000,-0.736380,HL,Down
2006-08-30,sh.600511,13.4800,13.5300,13.2600,13.4500,13.4800,1397858,18689401.0000,-0.222550,SL,Down
2006-08-31,sh.600511,13.4600,14.4800,13.3900,13.9900,13.4500,3647008,51270686.0000,4.014870,HH,Up
2006-09-01,sh.600511,13.9200,14.1000,13.2800,13.5400,13.9900,2569352,34998464.0000,-3.216582,LL,Down
2006-09-04,sh.600511,13.5400,13.7700,13.4200,13.5900,13.5400,1078412,14649274.0000,0.369278,SH,Up
2006-09-05,sh.600511,13.5100,14.2000,13.5100,13.6400,13.5900,1769323,24511129.0000,0.367919,LH,Up
2006-09-06,sh.600511,13.6400,13.9000,13.6000,13.7800,13.6400,874078,12003011.0000,1.026388,SH,Up
2006-09-07,sh.600511,13.6800,13.9500,13.4000,13.5000,13.7800,1009584,13799702.0000,-2.031929,LL,Down
2006-09-08,sh.600511,13.3500,13.6000,13.0600,13.2900,13.5000,2126385,28086649.0000,-1.555556,LL,Down
2006-09-11,sh.600511,13.1500,13.4100,13.0000,13.3600,13.2900,1200689,15806095.0000,0.526710,LH,Up
2006-09-12,sh.600511,13.2000,13.5100,13.2000,13.4200,13.3600,1035732,13940388.0000,0.449105,LH,Up
2006-09-13,sh.600511,13.4200,13.4200,13.1800,13.2900,13.4200,904072,11983035.0000,-0.968704,SL,Down
2006-09-14,sh.600511,13.1000,13.2800,13.0000,13.1000,13.2900,812478,10624817.0000,-1.429643,LS,Down
2006-09-15,sh.600511,13.1000,13.2900,13.1000,13.2100,13.1000,596295,7863286.0000,0.839692,SH,Up
2006-09-18,sh.600511,13.2000,13.2400,13.1100,13.2000,13.2100,896259,11824407.0000,-0.075702,LS,Down
2006-09-19,sh.600511,13.2400,14.0800,13.2400,13.8400,13.2000,2887869,39838783.0000,4.848488,HH,Up
2006-09-20,sh.600511,13.9300,14.4500,13.8500,14.0900,13.8400,3367237,48004353.0000,1.806358,HH,Up
2006-09-21,sh.600511,14.1000,14.4000,13.8800,14.2800,14.0900,1742104,24743014.0000,1.348471,HH,Up
2006-09-22,sh.600511,14.2600,14.3000,13.7900,14.1200,14.2800,1206144,16943423.0000,-1.120447,LL,Down
2006-09-25,sh.600511,14.0700,14.2400,13.6600,13.8400,14.1200,520100,7222113.0000,-1.983001,LL,Down
2006-09-26,sh.600511,13.7200,13.9600,13.7200,13.9000,13.8400,667860,9236793.0000,0.433522,LH,Up
2006-09-27,sh.600511,13.9100,15.2900,13.9100,15.2900,13.9000,4140488,62394111.0000,10.000000,HH,Up
2006-09-28,sh.600511,15.5400,15.8000,15.0100,15.3900,15.2900,3016718,46647442.0000,0.654025,HL,Up
2006-09-29,sh.600511,15.2600,16.3700,15.1100,16.2600,15.3900,2444209,39007544.0000,5.653021,LH,Up
2006-10-09,sh.600511,16.5000,17.8900,16.0600,17.8900,16.2600,3616354,61580452.0000,10.024600,HH,Up
2006-10-10,sh.600511,17.8900,18.2200,17.4400,18.0000,17.8900,2618907,46728331.0000,0.614872,SH,Up
2006-10-11,sh.600511,17.9800,18.5000,17.6000,18.0200,18.0000,1529909,27700611.0000,0.111114,LH,Up
2006-10-12,sh.600511,18.0000,18.0500,16.8800,17.3000,18.0200,1727066,30462473.0000,-3.995567,LL,Down
2006-10-13,sh.600511,17.0000,18.1600,17.0000,17.4200,17.3000,1578610,28210141.0000,0.693647,LH,Up
2006-10-16,sh.600511,17.2000,18.5000,17.2000,18.1000,17.4200,2121164,38411685.0000,3.903561,LH,Up
2006-10-17,sh.600511,18.0000,19.2000,17.5400,19.1400,18.1000,2398368,45056792.0000,5.745851,LH,Up
2006-10-19,sh.600511,19.9900,21.0500,19.3000,21.0500,19.1400,3474417,71312977.0000,9.979100,HH,Up
2006-10-20,sh.600511,21.7000,22.3800,20.4200,20.9000,21.0500,1706831,36519503.0000,-0.712587,HL,Down
2006-10-23,sh.600511,20.6000,21.6800,19.8100,20.7600,20.9000,1421218,29505122.0000,-0.669853,LH,Down
2006-10-24,sh.600511,20.5100,20.9000,19.9000,20.6000,20.7600,1972867,40042279.0000,-0.770712,LH,Down
2006-10-25,sh.600511,20.2200,21.4400,20.1100,21.3100,20.6000,947044,19789450.0000,3.446598,LH,Up
2006-10-26,sh.600511,21.3200,23.4400,21.0000,23.4400,21.3100,1575352,35984002.0000,9.995313,HH,Up
2006-10-27,sh.600511,23.4500,23.8800,22.0200,22.4500,23.4400,969822,22140746.0000,-4.223548,HL,Down
2006-10-30,sh.600511,22.0600,22.1400,20.6000,21.0100,22.4500,2861186,60320293.0000,-6.414256,LL,Down
2006-10-31,sh.600511,20.9600,21.6500,19.6000,21.2100,21.0100,2018289,41073325.0000,0.951922,LH,Up
2006-11-01,sh.600511,20.6000,22.6000,20.2500,21.9400,21.2100,1887888,40825081.0000,3.441780,LH,Up
2006-11-02,sh.600511,21.5900,21.5900,20.6500,20.7000,21.9400,715230,15012720.0000,-5.651776,LL,Down
2006-11-03,sh.600511,20.3800,20.7900,19.8900,20.5100,20.7000,987520,20139611.0000,-0.917877,LH,Down
2006-11-06,sh.600511,20.1000,20.7300,19.7000,19.7300,20.5100,1381236,27850997.0000,-3.803026,LL,Down
2006-11-07,sh.600511,19.6700,20.5500,19.6700,19.9400,19.7300,700123,14078979.0000,1.064374,LH,Up
2006-11-08,sh.600511,19.9400,20.1000,19.7100,19.9300,19.9400,627391,12471825.0000,-0.050152,SL,Down
2006-11-09,sh.600511,19.9300,20.7900,19.9300,20.7800,19.9300,689826,14143932.0000,4.264929,SH,Up
2006-11-10,sh.600511,20.8000,21.0800,19.7500,19.7700,20.7800,900040,17964567.0000,-4.860444,HL,Down
2006-11-13,sh.600511,19.8000,19.9000,17.7900,17.7900,19.7700,3448428,62821182.0000,-10.015170,HL,Down
2006-11-14,sh.600511,17.4000,18.2400,16.9200,18.1100,17.7900,2496073,43012977.0000,1.798761,LH,Up
2006-11-15,sh.600511,17.8800,18.8500,17.5000,18.2000,18.1100,965352,17605041.0000,0.496964,LH,Up
2006-11-16,sh.600511,18.2500,18.4500,17.3000,17.3400,18.2000,2571549,45481915.0000,-4.725278,HL,Down
2006-11-17,sh.600511,17.2800,17.8700,17.0000,17.4300,17.3400,828714,14534820.0000,0.519032,LH,Up
2006-11-20,sh.600511,17.4000,17.9000,17.1100,17.4000,17.4300,676787,11747440.0000,-0.172121,LS,Down
2006-11-21,sh.600511,17.4000,17.7000,17.1000,17.6800,17.4000,1690478,29114030.0000,1.609199,SH,Up
2006-11-22,sh.600511,17.9900,18.6400,17.6600,18.1700,17.6800,1406118,25656652.0000,2.771492,HH,Up
2006-11-23,sh.600511,18.3300,18.4000,17.7100,18.1600,18.1700,1886114,34009177.0000,-0.055037,HL,Down
2006-11-24,sh.600511,18.2000,18.2000,17.5600,17.9200,18.1600,1523940,27338374.0000,-1.321585,HL,Down
2006-11-27,sh.600511,17.9100,19.7100,17.6000,19.6700,17.9200,2437681,46251300.0000,9.765625,LH,Up
2006-11-28,sh.600511,19.5500,19.6700,18.8500,19.0400,19.6700,3132916,59940174.0000,-3.202842,LL,Down
2006-11-29,sh.600511,18.9000,19.0000,18.2100,18.8000,19.0400,3724263,69156023.0000,-1.260513,LL,Down
2006-11-30,sh.600511,18.9900,20.1700,18.6800,19.6500,18.8000,3488379,67994930.0000,4.521279,HH,Up
2006-12-01,sh.600511,19.7000,20.1600,19.2500,19.4100,19.6500,2238916,44024572.0000,-1.221373,HL,Down
2006-12-04,sh.600511,19.3100,19.4100,18.8500,19.0400,19.4100,4211885,80344588.0000,-1.906228,LL,Down
2006-12-05,sh.600511,18.5000,18.9800,17.9000,18.3100,19.0400,5457768,100616969.0000,-3.834041,LL,Down
2006-12-06,sh.600511,18.1000,18.1000,16.4800,16.8600,18.3100,6208066,104542064.0000,-7.919164,LL,Down
2006-12-08,sh.600511,16.4000,16.6400,15.2000,16.0100,16.8600,3879087,61564032.0000,-5.041520,LL,Down
2006-12-11,sh.600511,16.0100,16.2200,15.7000,16.0000,16.0100,3376301,53825210.0000,-0.062462,SL,Down
2006-12-12,sh.600511,16.0400,16.3800,15.7100,16.3000,16.0000,6944191,111183582.0000,1.874995,HH,Up
2006-12-13,sh.600511,16.4100,17.2600,16.4100,17.0400,16.3000,4895693,82966205.0000,4.539888,HH,Up
2006-12-14,sh.600511,17.2100,17.2100,16.5200,16.9300,17.0400,1786772,30229317.0000,-0.645544,HL,Down
2006-12-15,sh.600511,16.9300,16.9500,16.6100,16.6900,16.9300,1605995,26866126.0000,-1.417601,SL,Down
2006-12-18,sh.600511,16.6900,16.9900,16.6900,16.7700,16.6900,2629800,44253619.0000,0.479328,SH,Up
2006-12-19,sh.600511,16.8800,16.9000,16.0400,16.2900,16.7700,2885335,46934569.0000,-2.862251,HL,Down
2006-12-20,sh.600511,16.2800,17.0000,16.0000,16.9700,16.2900,2709881,45341626.0000,4.174330,LH,Up
2006-12-21,sh.600511,17.1500,18.2500,17.0800,17.8500,16.9700,5459356,97214517.0000,5.185628,HH,Up
2006-12-22,sh.600511,17.7800,18.0400,17.2000,17.5800,17.8500,2689681,47948706.0000,-1.512608,LL,Down
2006-12-25,sh.600511,17.5000,18.9000,17.4600,18.5700,17.5800,4441847,81545294.0000,5.631398,LH,Up
2006-12-26,sh.600511,18.4700,18.8800,18.1800,18.5000,18.5700,3006856,55431527.0000,-0.376950,LH,Down
2006-12-27,sh.600511,18.5000,19.8500,18.3500,18.7500,18.5000,3261019,62500689.0000,1.351351,SH,Up
2006-12-28,sh.600511,18.8500,19.4000,18.1000,18.1400,18.7500,1917226,35872909.0000,-3.253337,HL,Down
2006-12-29,sh.600511,18.1400,18.4800,17.3800,17.4100,18.1400,2943007,51853537.0000,-4.024253,SL,Down
2007-01-04,sh.600511,17.5000,17.8500,15.6700,16.0200,17.4100,5751130,92838669.0000,-7.983914,HL,Down
2007-01-05,sh.600511,16.0500,16.6500,16.0500,16.3900,16.0200,2640477,43271401.0000,2.309606,HH,Up
2007-01-08,sh.600511,16.4000,17.8000,16.3800,17.7600,16.3900,3640057,62337866.0000,8.358761,HH,Up
2007-01-09,sh.600511,17.8000,18.9700,17.8000,18.8000,17.7600,4107628,75357916.0000,5.855850,HH,Up
2007-01-10,sh.600511,19.0000,19.4500,18.4000,19.4300,18.8000,4857523,91517401.0000,3.351070,HH,Up
2007-01-11,sh.600511,19.4500,19.9500,18.7000,18.8900,19.4300,3003853,58154312.0000,-2.779212,HL,Down
2007-01-12,sh.600511,18.8800,19.2100,17.9000,18.5000,18.8900,2158610,40119528.0000,-2.064581,LL,Down
2007-01-15,sh.600511,18.3000,20.2200,18.3000,20.2000,18.5000,2704271,52604692.0000,9.189193,LH,Up
2007-01-16,sh.600511,20.3500,21.7000,19.8000,21.1100,20.2000,4241327,88321027.0000,4.504950,HH,Up
2007-01-17,sh.600511,21.1500,22.5600,20.7000,20.7300,21.1100,5752002,125043068.0000,-1.800100,HL,Down
2007-01-18,sh.600511,21.0000,22.8000,20.5000,22.8000,20.7300,3193225,70252008.0000,9.985527,HH,Up
2007-01-19,sh.600511,23.2000,25.0800,23.2000,24.9500,22.8000,5145638,126628909.0000,9.429832,HH,Up
2007-01-22,sh.600511,24.9500,24.9900,23.6900,24.8700,24.9500,3617470,87404478.0000,-0.320641,SL,Down
2007-01-23,sh.600511,24.6800,24.6800,23.0000,23.5400,24.8700,1649797,39263830.0000,-5.347808,LL,Down
2007-01-24,sh.600511,23.5000,24.5500,22.6600,23.3000,23.5400,1633551,38353681.0000,-1.019548,LL,Down
2007-01-25,sh.600511,23.3500,23.6900,21.4800,21.5100,23.3000,4165646,94859422.0000,-7.682399,HL,Down
2007-01-26,sh.600511,21.0500,21.9000,19.5300,21.4100,21.5100,1369849,28335473.0000,-0.464902,LH,Down
2007-01-29,sh.600511,21.1900,22.5700,21.1500,21.9500,21.4100,815473,17826834.0000,2.522190,LH,Up
2007-01-30,sh.600511,21.9000,22.4000,21.2200,21.2600,21.9500,2182360,47302984.0000,-3.143510,LL,Down
2007-01-31,sh.600511,21.3000,22.3000,20.1800,20.1900,21.2600,2634571,56901039.0000,-5.032924,HL,Down
2007-02-01,sh.600511,20.0000,22.1300,19.5000,22.0900,20.1900,2976578,62745253.0000,9.410598,LH,Up
2007-02-02,sh.600511,22.1600,23.6500,21.5800,23.3400,22.0900,4909963,111976053.0000,5.658669,HH,Up
2007-02-05,sh.600511,22.8800,24.0300,22.2000,24.0000,23.3400,1441261,33917500.0000,2.827763,LH,Up
2007-02-06,sh.600511,21.7000,24.2000,21.7000,22.6300,24.0000,1505444,35160921.0000,-5.708337,LH,Down
2007-02-07,sh.600511,22.6500,23.6000,22.3000,23.0000,22.6300,1238148,28433226.0000,1.635002,HH,Up
2007-02-08,sh.600511,22.6000,25.3000,22.6000,25.3000,23.0000,1699548,42269045.0000,9.999996,LH,Up
2007-02-09,sh.600511,25.6500,26.6900,24.3000,25.4900,25.3000,1053818,26829012.0000,0.750990,HL,Up
2007-02-12,sh.600511,25.4900,27.7700,25.1000,27.6100,25.4900,1781517,47446704.0000,8.316991,SH,Up
2007-02-13,sh.600511,27.5900,28.0000,26.6000,27.6400,27.6100,610153,16619615.0000,0.108652,LH,Up
2007-02-14,sh.600511,27.6400,27.6400,26.6500,26.8000,27.6400,818019,22064250.0000,-3.039074,SL,Down
2007-02-15,sh.600511,27.0000,28.0000,26.5000,26.5900,26.8000,759884,20443868.0000,-0.783579,HL,Down
2007-02-16,sh.600511,26.5900,26.9800,26.2000,26.2300,26.5900,808710,21453751.0000,-1.353895,SL,Down
2007-02-26,sh.600511,26.6000,26.6500,25.5800,25.9100,26.2300,1213105,31456247.0000,-1.219976,HL,Down
2007-02-27,sh.600511,25.9200,26.3000,23.3200,23.3200,25.9100,2244900,55873886.0000,-9.996141,HL,Down
2007-02-28,sh.600511,22.7200,23.3200,22.3200,23.2900,23.3200,1653451,38104254.0000,-0.128640,LH,Down
2007-03-01,sh.600511,23.6000,23.8800,21.8000,22.1200,23.2900,1429898,32364865.0000,-5.023615,HL,Down
2007-03-02,sh.600511,22.1800,22.8400,21.9800,22.2000,22.1200,1197672,26675665.0000,0.361663,HH,Up
2007-03-05,sh.600511,22.3200,22.8800,21.6900,22.0000,22.2000,1295122,28825511.0000,-0.900904,HL,Down
2007-03-06,sh.600511,22.2000,23.1000,21.7000,22.7900,22.0000,2541508,57135460.0000,3.590913,HH,Up
2007-03-07,sh.600511,22.7900,23.5000,22.7000,22.9800,22.7900,2267397,52457262.0000,0.833693,SH,Up
2007-03-08,sh.600511,23.1500,25.2800,23.0000,25.2800,22.9800,2545899,62387477.0000,10.008710,HH,Up
2007-03-09,sh.600511,25.8000,26.1500,24.7800,25.5300,25.2800,2287191,58776738.0000,0.988924,HL,Up
2007-03-12,sh.600511,25.6000,25.9700,24.5200,24.8900,25.5300,1020189,25607936.0000,-2.506860,HL,Down
2007-03-13,sh.600511,24.8900,25.8800,23.9500,25.8500,24.8900,1893389,47707816.0000,3.856975,SH,Up
2007-03-14,sh.600511,25.4000,25.5500,24.1500,25.0000,25.8500,1058869,26680031.0000,-3.288203,LL,Down
2007-03-15,sh.600511,25.0100,25.9800,24.8500,25.5100,25.0000,964788,24448732.0000,2.040001,HH,Up
2007-03-16,sh.600511,25.5000,26.2000,25.0500,26.1700,25.5100,1956067,50514127.0000,2.587220,LH,Up
2007-03-19,sh.600511,25.0100,27.0000,25.0100,25.6600,26.1700,803560,21146200.0000,-1.948797,LH,Down
2007-03-20,sh.600511,26.0100,26.0100,24.9000,25.2400,25.6600,1680225,42409109.0000,-1.636789,HL,Down
2007-03-21,sh.600511,25.2600,25.2600,24.1000,24.5100,25.2400,2686196,65966375.0000,-2.892233,HL,Down
2007-03-22,sh.600511,24.7000,25.5000,24.1600,24.5100,24.5100,1060684,26152224.0000,0.000000,HL,Smooth
2007-03-23,sh.600511,24.5500,25.9600,24.5100,25.9100,24.5100,2315176,59137301.0000,5.711953,HH,Up
2007-03-26,sh.600511,25.9900,28.3000,25.5800,27.9300,25.9100,3139126,85756837.0000,7.796220,HH,Up
2007-03-27,sh.600511,28.3000,28.3500,27.2600,27.8300,27.9300,1818365,50098777.0000,-0.358039,HL,Down
2007-03-28,sh.600511,27.0100,27.8000,25.6100,27.5100,27.8300,1855871,49462376.0000,-1.149837,LH,Down
2007-03-29,sh.600511,27.0100,27.3000,26.6900,26.9900,27.5100,1257719,34010271.0000,-1.890224,LL,Down
2007-03-30,sh.600511,26.0000,26.8000,26.0000,26.5200,26.9900,757085,20034122.0000,-1.741383,LH,Down
2007-04-02,sh.600511,26.5000,26.8700,26.0000,26.7900,26.5200,452117,11953242.0000,1.018101,LH,Up
2007-04-03,sh.600511,26.9000,27.5500,26.6000,27.2800,26.7900,824498,22345881.0000,1.829040,HH,Up
2007-04-04,sh.600511,27.2800,27.4000,26.5000,27.1000,27.2800,1160356,31317510.0000,-0.659825,SL,Down
2007-04-05,sh.600511,27.0400,27.2000,26.5000,27.0000,27.1000,555497,14946396.0000,-0.369005,LL,Down
2007-04-06,sh.600511,27.1500,27.8800,26.9900,27.5000,27.0000,598463,16375217.0000,1.851852,HH,Up
2007-04-09,sh.600511,27.6000,28.4700,27.5000,28.2300,27.5000,1037824,29189496.0000,2.654544,HH,Up
2007-04-10,sh.600511,28.7000,29.7500,28.4700,29.0300,28.2300,840739,24364528.0000,2.833869,HH,Up
2007-04-11,sh.600511,28.9900,30.0500,28.1000,30.0000,29.0300,1583848,45889802.0000,3.341369,LH,Up
2007-04-12,sh.600511,30.8500,31.3800,30.2000,30.5800,30.0000,992433,30743686.0000,1.933333,HL,Up
2007-04-13,sh.600511,30.0100,31.3000,28.5000,29.9300,30.5800,1053253,31590455.0000,-2.125571,LL,Down
2007-04-16,sh.600511,30.2000,31.0000,29.5100,30.5900,29.9300,933283,28196225.0000,2.205145,HH,Up
2007-04-17,sh.600511,30.7100,31.4900,30.0000,31.1700,30.5900,1010475,31161727.0000,1.896044,HH,Up
2007-04-18,sh.600511,31.9800,34.2900,31.5500,34.2900,31.1700,1072284,35839979.0000,10.009630,HH,Up
2007-04-19,sh.600511,35.0300,35.0300,30.8600,32.4500,34.2900,1350412,43995569.0000,-5.365996,HL,Down
2007-04-20,sh.600511,32.3900,33.9800,32.3900,33.6700,32.4500,608158,20344271.0000,3.759622,LH,Up
2007-04-23,sh.600511,34.5000,34.5000,33.5000,34.3500,33.6700,1977366,67429057.0000,2.019603,HL,Up
2007-04-24,sh.600511,34.0000,37.0000,34.0000,36.2400,34.3500,1431060,51501200.0000,5.502193,LH,Up
2007-04-25,sh.600511,37.3000,37.3000,33.9900,34.7500,36.2400,3019325,106004620.0000,-4.111483,HL,Down
2007-04-26,sh.600511,34.9500,36.9900,34.9500,36.0000,34.7500,967289,34569241.0000,3.597122,HH,Up
2007-04-27,sh.600511,36.0000,36.9900,33.0100,33.9900,36.0000,950620,32584137.0000,-5.583329,SL,Down
2007-04-30,sh.600511,34.0000,34.5000,33.3500,34.1600,33.9900,1205767,40881890.0000,0.500142,SH,Up
2007-05-08,sh.600511,34.0000,36.4000,34.0000,35.5100,34.1600,900461,31995748.0000,3.951986,LH,Up
2007-05-09,sh.600511,35.6000,36.9600,32.4000,33.7600,35.5100,1820238,60729361.0000,-4.928189,HL,Down
2007-05-10,sh.600511,33.7600,33.8400,32.0000,33.7600,33.7600,2061395,67783138.0000,0.000000,SS,Smooth
2007-05-11,sh.600511,33.1000,33.5000,32.1800,32.7200,33.7600,1741565,56766514.0000,-3.080560,LL,Down
2007-05-14,sh.600511,32.2000,32.6800,31.6600,31.9800,32.7200,2325939,74699944.0000,-2.261619,LL,Down
2007-05-15,sh.600511,32.0000,33.7900,32.0000,33.2000,31.9800,1914836,62857118.0000,3.814888,HH,Up
2007-05-16,sh.600511,33.2500,33.5500,32.0100,32.9800,33.2000,679607,22396442.0000,-0.662654,HL,Down
2007-05-17,sh.600511,33.2800,35.1500,33.0000,35.1000,32.9800,1994331,68488395.0000,6.428135,HH,Up
2007-05-18,sh.600511,35.1500,36.0500,34.5600,35.9400,35.1000,1725071,61113391.0000,2.393163,HH,Up
2007-05-21,sh.600511,35.0000,37.6000,34.4200,35.7500,35.9400,1653301,59246445.0000,-0.528655,LH,Down
2007-05-22,sh.600511,35.8000,36.2000,34.7600,34.8000,35.7500,1600695,56214310.0000,-2.657345,HL,Down
2007-05-23,sh.600511,34.8000,35.5000,34.0000,35.0000,34.8000,654791,22990252.0000,0.574715,SH,Up
2007-05-24,sh.600511,35.1000,36.0000,34.4800,35.3100,35.0000,1099647,38699121.0000,0.885718,HH,Up
2007-05-25,sh.600511,35.2000,35.8600,33.0300,35.3800,35.3100,1128997,39385622.0000,0.198243,LH,Up
2007-05-29,sh.600511,36.0000,38.9200,36.0000,38.9200,35.3800,1571619,60544217.0000,10.005640,HH,Up
2007-05-30,sh.600511,35.8000,42.2000,35.1000,38.9500,38.9200,2832350,111720735.0000,0.077088,LH,Up
2007-05-31,sh.600511,39.0200,42.8500,37.5300,42.8500,38.9500,1439848,58182401.0000,10.012830,HH,Up
2007-06-05,sh.600511,38.5700,38.5700,38.5700,38.5700,42.8500,614400,23697408.0000,-9.988329,LS,Down
2007-06-06,sh.600511,36.6000,42.4300,35.0100,42.4300,38.5700,1136644,44767651.0000,10.007780,LH,Up
2007-06-07,sh.600511,44.0000,44.9800,42.8100,43.3600,42.4300,1163287,50877442.0000,2.191846,HL,Up
2007-06-08,sh.600511,43.0000,43.1500,41.6800,41.9900,43.3600,998139,42002072.0000,-3.159592,LL,Down
2007-06-11,sh.600511,41.8800,45.9900,41.0500,45.1900,41.9900,1418063,61173934.0000,7.620855,LH,Up
2007-06-12,sh.600511,44.6000,45.9800,42.5200,45.1700,45.1900,1014996,45320669.0000,-0.044259,LH,Down
2007-06-13,sh.600511,45.1000,47.0000,44.6000,46.3200,45.1700,1064073,49010559.0000,2.545941,LH,Up
2007-06-14,sh.600511,46.3200,46.9000,44.4000,45.5600,46.3200,648649,29510277.0000,-1.640756,SL,Down
2007-06-15,sh.600511,44.6000,45.8000,44.5900,44.8700,45.5600,524720,23627308.0000,-1.514492,LH,Down
2007-06-18,sh.600511,45.1000,46.9800,44.9900,45.9500,44.8700,490225,22349370.0000,2.406958,HH,Up
2007-06-19,sh.600511,45.9000,45.9000,44.0000,44.3200,45.9500,420241,18723761.0000,-3.547336,LL,Down
2007-06-20,sh.600511,44.0000,44.0000,42.8800,43.0100,44.3200,435281,18948645.0000,-2.955779,LL,Down
2007-06-21,sh.600511,43.0000,43.8500,42.0000,42.7400,43.0100,410640,17502819.0000,-0.627753,SL,Down
2007-06-22,sh.600511,42.7500,45.1800,42.3500,43.7600,42.7400,434321,18954614.0000,2.386515,SH,Up
2007-06-25,sh.600511,44.0000,44.4800,39.3800,40.9500,43.7600,342437,14406055.0000,-6.421384,HL,Down
2007-06-26,sh.600511,39.3800,40.9400,37.5300,40.3900,40.9500,872615,33525609.0000,-1.367525,LH,Down
2007-06-27,sh.600511,40.0000,41.4900,39.0000,40.7700,40.3900,1827746,73285667.0000,0.940830,LH,Up
2007-06-28,sh.600511,40.7700,40.7700,38.8000,38.8800,40.7700,345463,13699929.0000,-4.635760,SL,Down
2007-07-02,sh.600511,38.0100,41.6800,36.0200,41.1500,38.8800,627176,24491900.0000,5.838479,LH,Up
2007-07-03,sh.600511,40.5000,45.1000,40.5000,42.1700,41.1500,1197634,51583047.0000,2.478728,LH,Up
2007-07-04,sh.600511,41.3500,43.0000,40.5000,41.5000,42.1700,356819,14963691.0000,-1.588803,LH,Down
2007-07-05,sh.600511,41.3600,41.3600,37.6000,37.6000,41.5000,587399,23094814.0000,-9.397593,LL,Down
2007-07-06,sh.600511,37.3000,39.2000,36.8000,38.5900,37.6000,994802,38114190.0000,2.632983,LH,Up
2007-07-09,sh.600511,39.5000,42.4500,39.1100,41.9000,38.5900,675113,27773005.0000,8.577355,HH,Up
2007-07-10,sh.600511,42.3000,42.5000,40.6000,40.8000,41.9000,254259,10572926.0000,-2.625304,HL,Down
2007-07-11,sh.600511,40.8000,42.6000,40.7000,42.4800,40.8000,569465,23773098.0000,4.117648,SH,Up
2007-07-12,sh.600511,42.5000,43.9000,42.0000,43.3000,42.4800,448178,19323817.0000,1.930320,HH,Up
2007-07-13,sh.600511,43.2900,43.3000,42.3500,42.9300,43.0500,210051,8979374.0000,-0.278743,HL,Down
2007-07-16,sh.600511,42.9500,43.5700,40.1200,40.5100,42.9300,200360,8366611.0000,-5.637088,HL,Down
2007-07-17,sh.600511,40.0000,41.4800,40.0000,41.1700,40.5100,83735,3421496.0000,1.629227,LH,Up
2007-07-18,sh.600511,40.4000,41.5000,40.2000,41.1700,41.1700,84928,3468731.0000,0.000000,LH,Smooth
2007-07-19,sh.600511,41.2000,41.2000,39.1100,40.2900,41.1700,111803,4520145.0000,-2.137472,HL,Down
2007-07-20,sh.600511,40.5000,41.3000,40.1000,41.0000,40.2900,340880,13867063.0000,1.762222,HH,Up
2007-07-23,sh.600511,41.1000,43.4600,41.1000,42.7300,41.0000,405611,17226368.0000,4.219511,HH,Up
2007-07-24,sh.600511,43.5000,43.8900,42.8000,43.7400,42.7300,1143474,49569434.0000,2.363684,HH,Up
2007-07-25,sh.600511,43.8000,46.0000,42.8200,45.7800,43.7400,1025801,45400159.0000,4.663916,HH,Up
2007-07-26,sh.600511,46.4000,47.1800,44.6000,45.0900,45.7800,985623,44893273.0000,-1.507205,HL,Down
2007-07-27,sh.600511,44.9800,45.8800,44.0000,45.3900,45.0900,503817,22656672.0000,0.665334,LH,Up
2007-07-30,sh.600511,46.0000,46.0000,44.7800,44.8700,45.3900,1253365,56539882.0000,-1.145628,HL,Down
2007-07-31,sh.600511,44.8700,45.4700,44.3000,45.0000,44.8700,900101,40384247.0000,0.289728,SH,Up
2007-08-01,sh.600511,44.9000,48.4900,44.9000,47.1200,45.0000,1584329,73152990.0000,4.711109,LH,Up
2007-08-02,sh.600511,46.9000,49.5000,46.8000,48.8000,47.1200,845319,40790344.0000,3.565366,LH,Up
2007-08-03,sh.600511,50.0000,51.4700,48.8000,50.6100,48.8000,842137,42036134.0000,3.709019,HH,Up
2007-08-06,sh.600511,51.0000,51.0000,49.1900,50.0000,50.6100,586621,29364103.0000,-1.205297,HL,Down
2007-08-07,sh.600511,50.1100,55.0000,49.5800,54.0000,50.0000,771612,40496510.0000,8.000000,HH,Up
2007-08-08,sh.600511,53.4400,53.8900,51.0100,53.4300,54.0000,498927,26234649.0000,-1.055555,LS,Down
2007-08-09,sh.600511,51.5000,53.0000,51.5000,52.8800,53.4300,314155,16461665.0000,-1.029383,LH,Down
2007-08-10,sh.600511,52.6000,53.3800,50.0000,50.6700,52.8800,423119,21687190.0000,-4.179279,LL,Down
2007-08-13,sh.600511,50.6100,50.6700,47.5000,48.1700,50.6700,495208,23987783.0000,-4.933886,LL,Down
2007-08-14,sh.600511,48.1700,49.9800,47.5100,48.8000,48.1700,242928,11879394.0000,1.307870,SH,Up
2007-08-15,sh.600511,48.8000,50.6800,48.0200,50.3000,48.8000,290966,14420139.0000,3.073771,SH,Up
2007-08-16,sh.600511,50.3500,50.3500,49.0000,49.3000,50.3000,156444,7736072.0000,-1.988072,HL,Down
2007-08-17,sh.600511,49.4000,50.9500,46.8000,47.7900,49.3000,445382,21601816.0000,-3.062877,HL,Down
2007-08-20,sh.600511,48.1000,50.1000,48.0100,49.3300,47.7900,523834,25947840.0000,3.222434,HH,Up
2007-08-21,sh.600511,50.0000,51.3000,49.7000,51.0900,49.3300,543980,27467117.0000,3.567805,HH,Up
2007-08-22,sh.600511,55.9800,55.9800,50.2000,52.2000,51.0900,472583,24985101.0000,2.172638,HL,Up
2007-08-23,sh.600511,51.5100,52.8900,51.0600,51.8900,52.2000,285159,14729505.0000,-0.593872,LH,Down
2007-08-24,sh.600511,51.8900,53.5000,51.5000,53.0100,51.8900,374074,19781268.0000,2.158410,SH,Up
2007-08-27,sh.600511,53.0100,56.1500,53.0100,55.9500,53.0100,1053436,57840859.0000,5.546128,SH,Up
2007-08-28,sh.600511,55.7900,55.7900,53.8500,54.0700,55.9500,554796,30270635.0000,-3.360145,LL,Down
2007-08-29,sh.600511,54.0000,54.0000,50.2000,51.0200,54.0700,586954,30101320.0000,-5.640835,LL,Down
2007-08-30,sh.600511,56.1200,56.1200,51.6000,51.9900,51.0200,649703,34373848.0000,1.901218,HL,Up
2007-08-31,sh.600511,52.3900,53.5000,50.5100,51.4400,51.9900,517887,26382355.0000,-1.057902,HL,Down
2007-09-03,sh.600511,51.9400,52.9600,51.4400,52.1300,51.4400,877079,45651516.0000,1.341373,HH,Up
2007-09-04,sh.600511,52.1500,52.2000,50.4000,51.0000,52.1300,2005296,101890059.0000,-2.167660,HL,Down
2007-09-05,sh.600511,51.0000,52.2000,50.5000,51.2900,51.0000,1381232,70855425.0000,0.568629,SH,Up
2007-09-06,sh.600511,51.3700,53.0700,50.5100,51.4100,51.2900,1223691,63679834.0000,0.233962,HH,Up
2007-09-07,sh.600511,51.7000,53.5800,50.8100,51.9900,51.4100,1104756,57976486.0000,1.128189,HH,Up
2007-09-10,sh.600511,51.5800,54.1000,51.5800,53.9900,51.9900,1136660,60556243.0000,3.846894,LH,Up
2007-09-11,sh.600511,54.0900,55.2100,49.5000,52.0600,53.9900,1738753,94290165.0000,-3.574736,HL,Down
2007-09-12,sh.600511,52.0600,53.5000,49.5500,52.8000,52.0600,539975,27809655.0000,1.421433,SH,Up
2007-09-13,sh.600511,52.5100,53.1900,52.0100,52.1500,52.8000,622984,32640319.0000,-1.231056,LL,Down
2007-09-14,sh.600511,52.1600,52.9800,50.5000,51.2300,52.1500,387489,19742357.0000,-1.764146,SL,Down
2007-09-17,sh.600511,50.2000,51.2000,48.8000,49.5800,51.2300,1163438,57720316.0000,-3.220765,LL,Down
2007-09-18,sh.600511,49.9800,50.8800,49.6000,50.1200,49.5800,2020177,101099023.0000,1.089143,HH,Up
2007-09-19,sh.600511,50.1300,50.6500,48.2100,48.6400,50.1200,971210,48106389.0000,-2.952912,SL,Down
2007-09-20,sh.600511,48.6800,50.0000,46.8900,47.5500,48.6400,2012724,96010418.0000,-2.240954,HL,Down
2007-09-21,sh.600511,48.0000,48.0000,44.5000,46.2800,47.5500,2367664,107749414.0000,-2.670874,HL,Down
2007-09-24,sh.600511,45.8300,47.8800,45.8300,46.4500,46.2800,1868970,87725727.0000,0.367334,LH,Up
2007-09-25,sh.600511,46.6000,47.7000,46.4500,46.8400,46.4500,718869,33726211.0000,0.839611,HH,Up
2007-09-26,sh.600511,47.3000,47.3000,45.0000,45.1000,46.8400,707371,32650557.0000,-3.714777,HL,Down
2007-09-27,sh.600511,45.0000,47.0600,45.0000,46.5900,45.1000,757798,35165513.0000,3.303773,LH,Up
2007-09-28,sh.600511,46.6000,47.5000,46.6000,47.2500,46.5900,412600,19493505.0000,1.416613,SH,Up
2007-10-08,sh.600511,48.1900,48.2800,45.5900,46.2900,47.2500,700479,32587935.0000,-2.031744,HL,Down
2007-10-09,sh.600511,46.2900,46.8000,44.9000,45.0400,46.2900,754655,34128472.0000,-2.700367,SL,Down
2007-10-10,sh.600511,45.5000,45.7900,44.5700,45.0800,45.0400,871803,39316557.0000,0.088812,HL,Up
2007-10-11,sh.600511,45.0000,45.6000,43.9400,43.9500,45.0800,963890,43010914.0000,-2.506657,LL,Down
2007-10-12,sh.600511,44.0000,45.0000,41.8300,43.0000,43.9500,977479,42176438.0000,-2.161549,HL,Down
2007-10-15,sh.600511,43.0000,43.4600,41.8100,42.6900,43.0000,819939,34786979.0000,-0.720933,SL,Down
2007-10-16,sh.600511,43.0000,45.7000,42.2000,45.2400,42.6900,1538077,68375507.0000,5.973303,HH,Up
2007-10-17,sh.600511,45.3000,46.2000,43.7300,44.7400,45.2400,1374324,61505538.0000,-1.105217,HL,Down
2007-10-18,sh.600511,44.7400,45.9000,44.0000,44.4100,44.7400,967926,43809006.0000,-0.737599,SL,Down
2007-10-19,sh.600511,44.5100,46.3000,44.5100,45.2600,44.4100,1536024,70137612.0000,1.913980,HH,Up
2007-10-22,sh.600511,45.0000,45.0000,41.8600,43.8000,45.2600,1237608,53140342.0000,-3.225805,LL,Down
2007-10-23,sh.600511,42.5800,45.5000,42.5800,45.2100,43.8000,742349,33003209.0000,3.219178,LH,Up
2007-10-24,sh.600511,45.5000,46.9500,44.4000,44.7800,45.2100,1390959,64274083.0000,-0.951118,HL,Down
2007-10-25,sh.600511,44.5500,44.5500,42.2000,43.1600,44.7800,571732,24643527.0000,-3.617684,LL,Down
2007-10-26,sh.600511,42.8900,42.8900,39.5000,40.6100,43.1600,1205887,49332267.0000,-5.908247,LL,Down
2007-10-29,sh.600511,40.9100,40.9100,39.3000,39.9700,40.6100,1865777,74143627.0000,-1.575965,HL,Down
2007-10-30,sh.600511,39.5000,41.2900,39.5000,40.0000,39.9700,1277880,51608559.0000,0.075053,LH,Up
2007-10-31,sh.600511,40.6800,44.0000,40.2700,43.7700,40.0000,1236890,52366514.0000,9.425001,HH,Up
2007-11-01,sh.600511,43.1000,43.7400,42.0200,42.1000,43.7700,1856471,79871173.0000,-3.815403,LL,Down
2007-11-02,sh.600511,42.3700,43.4800,42.0000,42.1000,42.1000,1341897,57489506.0000,0.000000,HL,Smooth
2007-11-05,sh.600511,42.1200,43.2000,42.0000,42.9700,42.1000,648094,27660261.0000,2.066515,HH,Up
2007-11-06,sh.600511,43.9500,44.5000,42.2100,43.9600,42.9700,592845,26049915.0000,2.303928,HS,Up
2007-11-07,sh.600511,44.1900,44.2000,42.0000,42.9100,43.9600,546580,23391180.0000,-2.388533,HL,Down
2007-11-08,sh.600511,41.5500,43.4000,41.5500,42.5100,42.9100,407723,17451605.0000,-0.932187,LH,Down
2007-11-09,sh.600511,42.0900,43.0000,42.0100,42.8100,42.5100,1127802,48010066.0000,0.705723,LH,Up
2007-11-12,sh.600511,42.8100,43.5000,40.0200,42.9000,42.8100,439530,18439014.0000,0.210232,SH,Up
2007-11-13,sh.600511,43.0000,43.0000,42.1100,42.8800,42.9000,1111686,47380939.0000,-0.046621,HL,Down
2007-11-14,sh.600511,42.5000,45.0000,42.5000,44.6400,42.8800,763467,33476389.0000,4.104474,LH,Up
2007-11-15,sh.600511,44.6400,46.2000,44.6200,45.8700,44.6400,1008939,46177875.0000,2.755375,SH,Up
2007-11-16,sh.600511,45.7900,46.1500,44.9000,45.9800,45.8700,649228,29742367.0000,0.239810,LH,Up
2007-11-19,sh.600511,46.0000,49.0100,46.0000,48.0600,45.9800,3046399,146722078.0000,4.523710,HH,Up
2007-11-20,sh.600511,47.5700,48.9500,47.0000,48.4400,48.0600,793467,38229137.0000,0.790673,LH,Up
2007-11-21,sh.600511,49.0000,49.1000,47.3000,48.6100,48.4400,647342,31497052.0000,0.350954,HL,Up
2007-11-22,sh.600511,48.0000,50.2000,46.1800,49.5200,48.6100,1311854,65074179.0000,1.872042,LH,Up
2007-11-23,sh.600511,48.9700,50.1000,48.3300,49.7900,49.5200,753580,37487899.0000,0.545235,LH,Up
2007-11-26,sh.600511,51.0000,52.1500,50.6000,51.3800,49.7900,1916669,98695714.0000,3.193413,HH,Up
2007-11-27,sh.600511,51.0000,53.1000,51.0000,52.7700,51.3800,771040,40380714.0000,2.705332,LH,Up
2007-11-28,sh.600511,52.7800,53.2000,47.9900,49.5500,52.7700,1281439,64649178.0000,-6.101954,SL,Down
2007-11-29,sh.600511,49.3100,51.6100,48.9800,51.3800,49.5500,975469,49474556.0000,3.693243,LH,Up
2007-11-30,sh.600511,51.4100,51.9800,50.8000,51.2700,51.3800,142745,7319085.0000,-0.214092,HL,Down
2007-12-03,sh.600511,51.0800,52.7000,49.0000,50.8900,51.2700,416353,21266424.0000,-0.741176,LL,Down
2007-12-04,sh.600511,50.2800,51.6500,50.2800,50.9000,50.8900,710259,36373342.0000,0.019654,LH,Smooth
2007-12-05,sh.600511,49.5000,51.6000,49.5000,51.5000,50.9000,254817,13070353.0000,1.178779,LH,Up
2007-12-06,sh.600511,51.5000,51.7900,50.0000,50.5000,51.5000,126780,6450375.0000,-1.941748,SL,Down
2007-12-07,sh.600511,50.5000,52.2000,50.5000,52.1300,50.5000,208533,10714861.0000,3.227725,SH,Up
2007-12-10,sh.600511,52.0000,56.0000,51.1300,55.8700,52.1300,638523,35293482.0000,7.174367,LH,Up
2007-12-11,sh.600511,55.8700,58.8800,55.0000,56.4000,55.8700,960219,54561777.0000,0.948635,SH,Up
2007-12-12,sh.600511,55.0100,58.3400,55.0000,57.4900,56.4000,228447,13008389.0000,1.932624,LH,Up
2007-12-13,sh.600511,57.0300,57.8000,55.0100,55.0200,57.4900,348370,19688236.0000,-4.296402,LL,Down
2007-12-14,sh.600511,54.3500,55.9900,51.8800,55.1100,55.0200,352925,19124473.0000,0.163577,LH,Up
2007-12-17,sh.600511,54.8600,59.0000,53.8000,57.9800,55.1100,625153,35865030.0000,5.207764,LH,Up
2007-12-18,sh.600511,58.0000,58.0200,56.3000,57.1300,57.9800,84796,4866855.0000,-1.466020,HL,Down
2007-12-19,sh.600511,57.0000,58.8000,56.6300,57.5100,57.1300,171758,9896487.0000,0.665145,LH,Up
2007-12-20,sh.600511,57.8800,59.6000,57.0300,57.5900,57.5100,309288,18009868.0000,0.139109,HL,Up
2007-12-21,sh.600511,57.9800,58.8000,56.2300,57.5400,57.5900,256112,14603403.0000,-0.086819,HL,Down
2007-12-24,sh.600511,57.5800,59.3900,56.8000,58.3200,57.5400,352611,20580092.0000,1.355577,HH,Up
2007-12-25,sh.600511,59.0000,60.9600,58.0100,60.6600,58.3200,467765,28054884.0000,4.012346,HH,Up
2007-12-26,sh.600511,60.6000,61.0300,59.0100,60.3700,60.6600,474442,28304134.0000,-0.478076,LL,Down
2007-12-27,sh.600511,59.9800,61.4800,59.3500,60.1700,60.3700,424082,25829448.0000,-0.331292,LH,Down
2007-12-28,sh.600511,61.0000,61.1200,57.8100,59.3400,60.1700,465147,27324329.0000,-1.379422,HL,Down
2008-01-02,sh.600511,59.4500,62.1000,57.8800,61.5100,59.3400,1003576,61421740.0000,3.656889,HH,Up
2008-01-03,sh.600511,61.3000,63.0000,59.0100,62.3500,61.5100,768234,47540703.0000,1.365632,LH,Up
2008-01-04,sh.600511,60.4000,63.0000,60.4000,61.9900,62.3500,618116,38488781.0000,-0.577381,LH,Down
2008-01-07,sh.600511,62.1000,62.8000,59.6500,59.9800,61.9900,530534,31949780.0000,-3.242462,HL,Down
2008-01-08,sh.600511,59.6000,59.6700,57.0000,57.8100,59.9800,1993628,115904491.0000,-3.617870,LL,Down
2008-01-09,sh.600511,57.5100,59.6900,56.5000,59.0500,57.8100,633717,37015522.0000,2.144954,LH,Up
2008-01-10,sh.600511,59.0500,59.1000,57.5000,58.6800,59.0500,613770,35806904.0000,-0.626586,SL,Down
2008-01-11,sh.600511,58.3500,60.5000,57.0000,60.1000,58.6800,430680,25425783.0000,2.419901,LH,Up
2008-01-14,sh.600511,59.9600,60.1800,58.6000,59.8200,60.1000,419420,24823853.0000,-0.465888,LL,Down
2008-01-15,sh.600511,59.8800,60.6000,59.2500,60.5800,59.8200,209598,12570118.0000,1.270482,HH,Up
2008-01-16,sh.600511,60.0000,61.5900,59.2600,60.3000,60.5800,349120,21174791.0000,-0.462203,LH,Down
2008-01-17,sh.600511,60.5000,60.5000,55.0000,57.5500,60.3000,375190,21922692.0000,-4.560531,HL,Down
2008-01-18,sh.600511,57.3300,59.2900,56.6000,58.7500,57.5500,201266,11759183.0000,2.085145,LH,Up
2008-01-21,sh.600511,58.5800,59.4800,57.0000,58.1300,58.7500,480966,27983641.0000,-1.055317,LL,Down
2008-01-22,sh.600511,57.0100,58.9300,52.3200,54.0300,58.1300,1594466,87652663.0000,-7.053161,LL,Down
2008-01-23,sh.600511,54.0000,58.4500,52.8000,58.2900,54.0300,1080229,58933921.0000,7.884513,LH,Up
2008-01-24,sh.600511,58.2900,62.9700,56.6500,62.0000,58.2900,454283,27692778.0000,6.364726,SH,Up
2008-01-25,sh.600511,62.0100,63.9900,60.0000,62.5000,62.0000,549530,34122850.0000,0.806452,SH,Up
2008-01-28,sh.600511,62.9900,63.2000,59.0000,60.2400,62.5000,347748,20955828.0000,-3.615997,HL,Down
2008-01-29,sh.600511,60.2400,61.5000,59.0800,59.4200,60.2400,218730,13116874.0000,-1.361228,SL,Down
2008-01-30,sh.600511,59.4300,63.6600,56.6100,57.6300,59.4200,192360,11121917.0000,-3.012449,SL,Down
2008-01-31,sh.600511,58.9800,58.9800,56.0000,57.7100,57.6300,929419,53627689.0000,0.138813,HL,Up
2008-02-01,sh.600511,57.5000,58.5000,57.0000,57.0000,57.7100,470405,26990144.0000,-1.230288,LL,Down
2008-02-04,sh.600511,58.1000,61.7000,58.1000,61.5900,57.0000,408622,24590363.0000,8.052632,HH,Up
2008-02-05,sh.600511,61.6000,61.6000,60.0000,61.0000,61.5900,127520,7745850.0000,-0.957948,SL,Down
2008-02-13,sh.600511,60.9900,62.5000,60.9900,61.9100,61.0000,153197,9482697.0000,1.491803,SH,Up
2008-02-14,sh.600511,62.0000,64.8000,62.0000,63.8800,61.9100,368970,23540262.0000,3.182040,HH,Up
2008-02-15,sh.600511,63.9800,64.0000,63.0000,63.2100,63.8800,223760,14161266.0000,-1.048845,HL,Down
2008-02-18,sh.600511,64.5600,69.5300,64.1300,68.0600,63.2100,647332,43514379.0000,7.672834,HH,Up
2008-02-19,sh.600511,68.0000,69.3600,66.0200,67.8300,68.0600,281421,18961741.0000,-0.337931,LL,Down
2008-02-20,sh.600511,67.3000,68.8100,66.5100,68.1000,67.8300,184808,12503762.0000,0.398049,LH,Up
2008-02-21,sh.600511,67.2800,68.5000,66.5800,68.4200,68.1000,387289,26409437.0000,0.469897,LH,Up
2008-02-25,sh.600511,65.8800,67.2000,65.3300,65.6000,68.4200,331882,21921000.0000,-4.121602,LL,Down
2008-02-26,sh.600511,67.6000,67.6000,62.1800,62.9500,65.6000,1155753,72694693.0000,-4.039631,HL,Down
2008-02-27,sh.600511,62.3100,65.0300,61.5800,64.1700,62.9500,403018,25884611.0000,1.938042,LH,Up
2008-02-28,sh.600511,63.6500,65.7400,62.0000,64.5000,64.1700,65800,4216556.0000,0.514262,LH,Up
2008-02-29,sh.600511,64.8500,65.0000,63.8000,64.3800,64.5000,52982,3407331.0000,-0.186051,HL,Down
2008-03-03,sh.600511,63.5000,67.9800,63.1100,66.5000,64.3800,156802,10351680.0000,3.292953,LH,Up
2008-03-04,sh.600511,66.0000,67.5000,65.5000,65.6900,66.5000,370802,24689518.0000,-1.218041,LL,Down
2008-03-05,sh.600511,65.4900,66.4300,63.0000,64.0000,65.6900,427025,27288346.0000,-2.572694,LL,Down
2008-03-06,sh.600511,63.7000,64.2400,62.4000,63.9700,64.0000,336821,21219633.0000,-0.046873,LH,Down
2008-03-07,sh.600511,63.0000,63.9500,61.5000,61.5100,63.9700,78210,4865858.0000,-3.845557,LL,Down
2008-03-10,sh.600511,61.9100,61.9200,58.3000,58.4200,61.5100,446957,26394113.0000,-5.023574,HL,Down
2008-03-11,sh.600511,57.7900,59.6800,55.0000,59.6800,58.4200,1211433,68116230.0000,2.156799,LH,Up
2008-03-12,sh.600511,59.9800,60.2800,56.8300,58.1500,59.6800,137302,7960615.0000,-2.563671,HL,Down
2008-03-13,sh.600511,57.9500,57.9500,55.5600,55.8300,58.1500,171147,9551060.0000,-3.989681,LL,Down
2008-03-14,sh.600511,55.8300,57.2700,54.1500,57.1900,55.8300,318040,17631158.0000,2.435961,SH,Up
2008-03-17,sh.600511,56.2000,57.1500,52.5000,53.0000,57.1900,57500,3116897.0000,-7.326453,LL,Down
2008-03-18,sh.600511,51.0000,53.6000,48.0000,52.0000,53.0000,154477,7842919.0000,-1.886792,LH,Down
2008-03-19,sh.600511,52.0100,54.3900,51.3000,52.8700,52.0000,92391,4862419.0000,1.673075,SH,Up
2008-03-20,sh.600511,53.9900,54.3800,51.0000,53.5000,52.8700,120791,6353068.0000,1.191604,HL,Up
2008-03-21,sh.600511,52.4000,57.8000,52.4000,57.0500,53.5000,229985,12801407.0000,6.635512,LH,Up
2008-03-24,sh.600511,57.1000,57.9800,57.0000,57.1000,57.0500,223778,12799710.0000,0.087641,HS,Up
2008-03-25,sh.600511,55.5000,57.9000,55.0100,57.1100,57.1000,449449,25536934.0000,0.017517,LH,Smooth
2008-03-26,sh.600511,56.8900,59.4500,56.6100,58.6700,57.1100,516859,30236770.0000,2.731566,LH,Up
2008-03-27,sh.600511,58.0000,60.0000,56.5000,59.0500,58.6700,200065,11645466.0000,0.647692,LH,Up
2008-03-28,sh.600511,57.0000,60.2900,57.0000,59.9900,59.0500,193135,11426418.0000,1.591875,LH,Up
2008-03-31,sh.600511,59.3000,59.3000,57.0000,58.0000,59.9900,56452,3266419.0000,-3.317222,LL,Down
2008-04-01,sh.600511,58.4800,58.4800,52.8000,55.0100,58.0000,135308,7463342.0000,-5.155175,HL,Down
2008-04-02,sh.600511,56.1100,56.1100,51.1100,53.7900,55.0100,316866,16970789.0000,-2.217774,HL,Down
2008-04-03,sh.600511,53.6000,55.8000,52.1200,55.0000,53.7900,718732,39542160.0000,2.249487,LH,Up
2008-04-07,sh.600511,55.5500,59.0000,55.5000,58.8000,55.0000,254229,14937557.0000,6.909090,HH,Up
2008-04-08,sh.600511,59.2300,62.5900,58.1600,61.1800,58.8000,255543,15653393.0000,4.047621,HH,Up
2008-04-09,sh.600511,61.8900,61.8900,57.0000,57.2100,61.1800,591799,34874853.0000,-6.489050,HL,Down
2008-04-10,sh.600511,57.1800,58.1800,56.0300,57.0000,57.2100,281399,16104453.0000,-0.367067,LL,Down
2008-04-11,sh.600511,57.2100,58.8000,57.1000,58.0000,57.0000,528400,30522011.0000,1.754386,HH,Up
2008-04-14,sh.600511,58.0000,58.5000,55.8400,56.1100,58.0000,42775,2422679.0000,-3.258620,SL,Down
2008-04-15,sh.600511,56.0000,56.8800,54.0000,54.9000,56.1100,216800,11911021.0000,-2.156477,LL,Down
2008-04-16,sh.600511,54.9000,55.4900,54.1200,54.8900,54.9000,180850,9909751.0000,-0.018219,SS,Smooth
2008-04-17,sh.600511,56.0000,56.0200,54.0000,54.5400,54.8900,136967,7566253.0000,-0.637636,HL,Down
2008-04-18,sh.600511,54.1300,54.9500,54.1300,54.5400,54.5400,139600,7616578.0000,0.000000,LH,Smooth
2008-04-21,sh.600511,56.9000,57.7800,52.0000,52.6300,54.5400,245414,13220923.0000,-3.502017,HL,Down
2008-04-22,sh.600511,51.1100,51.7800,48.9900,50.0000,52.6300,124099,6183748.0000,-4.997152,LL,Down
2008-04-23,sh.600511,48.9000,51.4000,48.9000,50.0000,50.0000,411430,20728887.0000,0.000000,LH,Smooth
2008-04-24,sh.600511,53.5500,54.8000,50.0000,54.0000,50.0000,2503444,131740713.0000,8.000000,HH,Up
2008-04-25,sh.600511,52.1100,53.0000,50.5000,51.1500,54.0000,520498,26898762.0000,-5.277775,LL,Down
2008-04-28,sh.600511,50.5400,50.5400,49.0000,50.0700,51.1500,513656,25465785.0000,-2.111440,LL,Down
2008-04-29,sh.600511,50.0000,51.0000,49.9900,50.5100,50.0700,218640,11056534.0000,0.878767,LH,Up
2008-04-30,sh.600511,53.5100,53.5100,49.4900,50.1400,50.5100,1691748,85522815.0000,-0.732526,HL,Down
2008-05-05,sh.600511,50.3800,55.1500,50.3800,55.1500,50.1400,1937787,104608456.0000,9.992026,HH,Up
2008-05-06,sh.600511,55.9400,57.1900,54.8400,55.5300,55.1500,1223599,68570960.0000,0.689025,HL,Up
2008-05-07,sh.600511,55.0000,55.2000,53.2700,54.0400,55.5300,651325,35296381.0000,-2.683230,LL,Down
2008-05-08,sh.600511,52.8000,54.9800,52.8000,54.7600,54.0400,355721,19198095.0000,1.332342,LH,Up
2008-05-09,sh.600511,54.9500,56.2900,53.2100,53.8900,54.7600,488280,26469133.0000,-1.588749,HL,Down
2008-05-12,sh.600511,52.8000,57.5000,52.8000,55.9100,53.8900,1232457,68336446.0000,3.748377,LH,Up
2008-05-13,sh.600511,54.8800,61.5000,54.3400,61.5000,55.9100,2541039,151006955.0000,9.998212,LH,Up
2008-05-14,sh.600511,61.8800,64.0000,58.1000,59.3400,61.5000,1535763,93092038.0000,-3.512195,HL,Down
2008-05-15,sh.600511,59.2800,59.2800,56.1500,56.2700,59.3400,1150560,65839959.0000,-5.173575,LL,Down
2008-05-16,sh.600511,56.0000,57.5000,55.9000,57.1800,56.2700,628853,35693696.0000,1.617203,LH,Up
2008-05-19,sh.600511,56.7500,58.5000,56.1400,57.0700,57.1800,305615,17630838.0000,-0.192376,LH,Down
2008-05-20,sh.600511,57.0100,57.8000,53.6000,53.7000,57.0700,902357,49380093.0000,-5.905027,LL,Down
2008-05-21,sh.600511,53.6000,57.6000,52.1200,57.5600,53.7000,1005685,55112672.0000,7.188083,LH,Up
2008-05-22,sh.600511,56.7100,59.3400,56.5000,58.1900,57.5600,701909,40891551.0000,1.094505,LH,Up
2008-05-26,sh.600511,56.3800,57.4900,54.1100,55.7800,58.1900,251493,13983882.0000,-4.141605,LL,Down
2008-05-27,sh.600511,55.2300,56.7700,55.2300,55.5000,55.7800,251140,13948426.0000,-0.501970,LH,Down
2008-05-28,sh.600511,55.7000,57.0200,55.4100,56.8800,55.5000,265800,14945138.0000,2.486488,HH,Up
2008-05-29,sh.600511,56.0000,57.8800,56.0000,57.1000,56.8800,364113,20899952.0000,0.386775,LH,Up
2008-05-30,sh.600511,57.5800,57.5800,55.4900,56.0700,57.1000,114324,6428861.0000,-1.803851,HL,Down
2008-06-02,sh.600511,56.0300,56.8600,55.0000,55.5900,56.0700,154390,8562015.0000,-0.856072,LL,Down
2008-06-03,sh.600511,55.2000,55.7000,54.8000,55.2100,55.5900,146221,8067435.0000,-0.683578,LS,Down
2008-06-04,sh.600511,55.8100,55.8100,53.9100,54.2500,55.2100,137361,7509685.0000,-1.738814,HL,Down
2008-06-05,sh.600511,54.2400,54.4500,52.8000,53.0800,54.2500,126089,6712123.0000,-2.156679,SL,Down
2008-06-06,sh.600511,53.1000,53.1800,52.0700,52.2300,53.0800,69679,3656301.0000,-1.601361,HL,Down
2008-06-10,sh.600511,50.5000,50.6000,48.2300,48.4400,52.2300,890538,44174848.0000,-7.256368,LL,Down
2008-06-11,sh.600511,48.3500,49.9900,47.5000,48.9100,48.4400,217622,10554001.0000,0.970275,LH,Up
2008-06-12,sh.600511,49.3600,49.6900,48.0100,48.4700,48.9100,184961,9065127.0000,-0.899609,HL,Down
2008-06-13,sh.600511,49.7600,49.7600,45.8000,45.9100,48.4700,145348,6838562.0000,-5.281620,HL,Down
2008-06-16,sh.600511,45.0100,46.7000,45.0000,46.6700,45.9100,305805,14035103.0000,1.655409,LH,Up
2008-06-17,sh.600511,46.6800,47.2000,45.0500,46.0000,46.6700,105899,4862141.0000,-1.435608,SL,Down
2008-06-18,sh.600511,46.9000,48.3000,44.2500,47.9400,46.0000,121766,5657079.0000,4.217389,HH,Up
2008-06-19,sh.600511,47.9400,49.7300,46.5100,46.7300,47.9400,264505,12590648.0000,-2.523986,SL,Down
2008-06-20,sh.600511,46.7300,49.4500,46.0000,48.8100,46.7300,143621,6919887.0000,4.451106,SH,Up
2008-06-23,sh.600511,49.0000,49.0000,47.0100,48.6500,48.8100,57029,2764227.0000,-0.327801,HL,Down
2008-06-24,sh.600511,49.5000,49.5000,46.2000,48.5100,48.6500,237410,11467005.0000,-0.287776,HL,Down
2008-06-25,sh.600511,25.5000,27.9800,25.5000,27.6100,26.7600,91428,2491239.0000,3.176384,LH,Up
2008-06-26,sh.600511,27.6100,27.6100,26.4000,27.0900,27.6100,344978,9284000.0000,-1.883377,SL,Down
2008-06-27,sh.600511,26.0100,27.0800,25.6100,26.0000,27.0900,255859,6676535.0000,-4.023625,LL,Down
2008-06-30,sh.600511,26.5000,27.5000,25.0000,27.1000,26.0000,293663,7705457.0000,4.230771,HH,Up
2008-07-01,sh.600511,27.0000,27.4800,26.0500,26.6200,27.1000,70540,1876225.0000,-1.771216,LL,Down
2008-07-02,sh.600511,26.5300,27.3000,26.3000,27.2100,26.6200,286427,7696870.0000,2.216372,LH,Up
2008-07-03,sh.600511,27.0000,29.9300,26.3100,29.5900,27.2100,519327,14941958.0000,8.746789,LH,Up
2008-07-04,sh.600511,29.5900,29.9900,28.7000,28.8800,29.5900,157642,4572216.0000,-2.399463,SL,Down
2008-07-07,sh.600511,29.1800,29.9000,28.8700,29.4800,28.8800,209293,6172591.0000,2.077564,HH,Up
2008-07-08,sh.600511,29.4800,30.5000,28.8200,29.2700,29.4800,177259,5193728.0000,-0.712344,SL,Down
2008-07-09,sh.600511,29.6400,29.6400,29.0500,29.3000,29.2700,416310,12126214.0000,0.102490,HL,Up
2008-07-10,sh.600511,29.3100,31.3700,29.2500,30.7500,29.3000,916224,27893955.0000,4.948808,HH,Up
2008-07-11,sh.600511,30.6000,30.9000,29.8100,30.7000,30.7500,510309,15470515.0000,-0.162599,LH,Down
2008-07-14,sh.600511,30.1900,30.8000,29.5200,29.9400,30.7000,300041,9043015.0000,-2.475571,LL,Down
2008-07-15,sh.600511,29.9400,29.9400,28.5700,28.6600,29.9400,376656,10904142.0000,-4.275219,SL,Down
2008-07-16,sh.600511,28.4600,28.5000,27.6000,28.3100,28.6600,323459,9104060.0000,-1.221215,LL,Down
2008-07-17,sh.600511,28.8800,29.7500,28.0500,29.0500,28.3100,426781,12411468.0000,2.613917,HH,Up
2008-07-18,sh.600511,29.2400,29.4900,28.5500,28.8800,29.0500,213169,6152756.0000,-0.585198,HL,Down
2008-07-21,sh.600511,28.8800,29.7000,26.5100,29.6000,28.8800,391794,11404679.0000,2.493079,SH,Up
2008-07-22,sh.600511,29.5800,29.9700,29.0800,29.5500,29.6000,318965,9440582.0000,-0.168923,LL,Down
2008-07-23,sh.600511,29.1000,29.5000,28.3200,29.0000,29.5500,407142,11809789.0000,-1.861250,LL,Down
2008-07-24,sh.600511,29.0000,29.5800,28.3800,29.1700,29.0000,527009,15292111.0000,0.586207,SH,Up
2008-07-25,sh.600511,28.2100,29.3600,28.2100,28.8700,29.1700,316461,9180923.0000,-1.028451,LH,Down
2008-07-28,sh.600511,28.8700,29.4900,28.5000,28.7600,28.8700,359433,10348780.0000,-0.381020,SL,Down
2008-07-29,sh.600511,28.7000,29.2900,27.3000,27.6100,28.7600,501299,13973716.0000,-3.998608,LL,Down
2008-07-30,sh.600511,27.9500,27.9800,26.5700,27.2900,27.6100,1023392,27599604.0000,-1.158999,HL,Down
2008-07-31,sh.600511,27.0100,27.4800,26.5800,26.9900,27.2900,470831,12707744.0000,-1.099308,LL,Down
2008-08-01,sh.600511,26.6000,27.8800,26.0000,27.6000,26.9900,358443,9623411.0000,2.260100,LH,Up
2008-08-04,sh.600511,27.5000,27.9800,26.5000,26.8900,27.6000,160067,4346573.0000,-2.572500,LL,Down
2008-08-05,sh.600511,27.1800,28.3900,26.5000,27.0400,26.8900,889259,24595803.0000,0.557800,HL,Up
2008-08-06,sh.600511,27.3500,28.1200,27.0500,27.9700,27.0400,414137,11377078.0000,3.439300,HH,Up
2008-08-07,sh.600511,28.0000,28.0000,27.0400,27.8500,27.9700,191982,5274385.0000,-0.429000,HL,Down
2008-08-08,sh.600511,27.8800,28.8900,27.4000,27.4100,27.8500,301426,8400077.0000,-1.579900,HL,Down
2008-08-11,sh.600511,27.9600,28.0000,26.8200,26.9500,27.4100,556809,15037965.0000,-1.678200,HL,Down
2008-08-12,sh.600511,26.9500,27.9800,26.2800,27.4800,26.9500,185124,5008927.0000,1.966600,SH,Up
2008-08-13,sh.600511,27.4700,27.5700,27.0600,27.5500,27.4800,279746,7642510.0000,0.254700,LH,Up
2008-08-14,sh.600511,27.5700,28.4800,27.4600,28.2000,27.5500,300296,8451020.0000,2.359300,HH,Up
2008-08-15,sh.600511,28.2000,28.6800,27.6000,28.0400,28.2000,209690,5887534.0000,-0.567400,SL,Down
2008-08-18,sh.600511,27.9800,28.1000,27.4500,27.7000,28.0400,179365,4995924.0000,-1.212600,LL,Down
2008-08-19,sh.600511,27.1600,28.0000,27.1600,27.7100,27.7000,95999,2652697.0000,0.036100,LH,Up
2008-08-20,sh.600511,27.8900,29.2000,27.0800,28.2700,27.7100,1376986,39102634.0000,2.020900,HH,Up
2008-08-21,sh.600511,28.0000,28.0000,26.3000,26.5500,28.2700,1717049,46113875.0000,-6.084200,LL,Down
2008-08-22,sh.600511,26.7900,26.7900,23.9000,24.2900,26.5500,2833455,68472578.0000,-8.512200,HL,Down
2008-08-25,sh.600511,22.7700,23.7500,22.1100,23.2100,24.2900,1217239,28320102.0000,-4.446300,LH,Down
2008-08-26,sh.600511,23.0000,23.1800,22.1500,22.8400,23.2100,980218,22267759.0000,-1.594100,LL,Down
2008-08-27,sh.600511,22.6100,22.9700,21.5200,22.6400,22.8400,366004,8263514.0000,-0.875700,LH,Down
2008-08-28,sh.600511,22.8900,22.8900,22.2100,22.7100,22.6400,206740,4675895.0000,0.309200,HL,Up
2008-08-29,sh.600511,22.8800,23.4700,22.5000,22.7700,22.7100,170355,3888090.0000,0.264200,HL,Up
2008-09-01,sh.600511,22.6000,22.8800,21.5300,22.0300,22.7700,175339,3872494.0000,-3.249900,LL,Down
2008-09-02,sh.600511,21.3000,22.4600,21.3000,22.3900,22.0300,231884,5136578.0000,1.634100,LH,Up
2008-09-03,sh.600511,21.6100,23.1200,21.5100,22.6400,22.3900,210224,4756917.0000,1.116600,LH,Up
2008-09-04,sh.600511,23.1300,23.1300,22.3100,22.6400,22.6400,45360,1026967.0000,0.000000,HL,Smooth
2008-09-05,sh.600511,22.4000,22.4000,21.8800,22.0000,22.6400,118926,2641590.0000,-2.826900,LL,Down
2008-09-08,sh.600511,21.9000,22.9800,21.0500,22.8500,22.0000,341412,7473680.0000,3.863600,LH,Up
2008-09-10,sh.600511,22.7000,23.7400,22.0900,23.7000,22.8500,200808,4681846.0000,3.719900,LH,Up
2008-09-11,sh.600511,23.7000,24.1400,23.2600,23.7400,23.7000,209369,4962460.0000,0.168800,SH,Up
2008-09-12,sh.600511,23.9900,24.4700,22.1200,24.2600,23.7400,166239,4007434.0000,2.190400,HH,Up
2008-09-16,sh.600511,23.1000,24.8000,23.1000,24.4000,24.2600,138170,3359091.0000,0.577100,LH,Up
2008-09-17,sh.600511,24.2700,25.0800,24.0200,24.1600,24.4000,380228,9367809.0000,-0.983600,LL,Down
2008-09-18,sh.600511,23.5000,23.8000,23.3400,23.6800,24.1600,920145,21630681.0000,-1.986800,LH,Down
2008-09-19,sh.600511,25.4900,26.0500,24.8700,26.0500,23.6800,5134288,133059156.0000,10.008400,HH,Up
2008-09-22,sh.600511,26.2000,28.2000,23.9700,25.2200,26.0500,3479140,89429892.0000,-3.186200,HL,Down
2008-09-23,sh.600511,24.6000,25.3000,23.0100,23.3900,25.2200,829091,19825636.0000,-7.256100,LL,Down
2008-09-24,sh.600511,22.8000,25.0200,22.5100,25.0000,23.3900,468567,11216616.0000,6.883300,LH,Up
2008-09-25,sh.600511,25.5000,25.8000,25.0000,25.3900,25.0000,928854,23550197.0000,1.560000,HL,Up
2008-09-26,sh.600511,25.3800,25.6800,25.0000,25.3100,25.3900,379777,9654368.0000,-0.315100,LL,Down
2008-10-06,sh.600511,25.3100,25.4500,23.6000,25.0400,25.3100,144848,3609378.0000,-1.066800,SL,Down
2008-10-07,sh.600511,24.8500,25.4000,24.5000,25.1400,25.0400,228500,5685463.0000,0.399400,LH,Up
2008-10-08,sh.600511,25.6500,25.7000,24.0100,25.2600,25.1400,270903,6863831.0000,0.477300,HL,Up
2008-10-09,sh.600511,25.4000,25.9800,25.1300,25.1500,25.2600,131173,3344089.0000,-0.435500,HL,Down
2008-10-10,sh.600511,24.4500,25.2000,24.2700,25.1700,25.1500,231191,5693760.0000,0.079500,LH,Up
2008-10-13,sh.600511,25.0500,25.1300,24.3500,25.0100,25.1700,48360,1196284.0000,-0.635700,LL,Down
2008-10-14,sh.600511,25.8800,26.0500,24.5000,24.5100,25.0100,200175,5040792.0000,-1.999200,HL,Down
2008-10-15,sh.600511,24.5100,25.1700,24.0100,25.0100,24.5100,310059,7730349.0000,2.040000,SH,Up
2008-10-16,sh.600511,24.5100,25.0000,24.5000,24.5700,25.0100,148080,3674620.0000,-1.759300,LH,Down
2008-10-17,sh.600511,25.0000,25.0100,24.5800,24.7000,24.5700,123460,3077931.0000,0.529100,HL,Up
2008-10-20,sh.600511,24.5000,24.9800,24.3900,24.6000,24.7000,70914,1743769.0000,-0.404900,LH,Down
2008-10-21,sh.600511,24.6100,24.6100,24.3100,24.4000,24.6000,126550,3099065.0000,-0.813000,HL,Down
2008-10-22,sh.600511,24.4000,24.6000,23.7300,23.9500,24.4000,175484,4200309.0000,-1.844300,SL,Down
2008-10-23,sh.600511,24.0000,24.3400,23.8000,23.8800,23.9500,193820,4643419.0000,-0.292300,HL,Down
2008-10-24,sh.600511,23.4900,24.0900,23.4900,23.6900,23.8800,130492,3086572.0000,-0.795600,LH,Down
2008-10-27,sh.600511,23.0400,24.0000,22.1200,22.6100,23.6900,197634,4548377.0000,-4.558900,LL,Down
2008-10-28,sh.600511,22.4400,22.9000,22.0000,22.4000,22.6100,704384,15822143.0000,-0.928800,LL,Down
2008-10-29,sh.600511,22.8900,23.1800,22.5000,23.0100,22.4000,173189,3949432.0000,2.723200,HH,Up
2008-10-30,sh.600511,23.0500,23.4800,22.8000,23.3200,23.0100,86400,2003998.0000,1.347200,HH,Up
2008-10-31,sh.600511,23.4900,23.5000,22.6300,22.8000,23.3200,67800,1564539.0000,-2.229800,HL,Down
2008-11-03,sh.600511,22.8100,23.0100,21.8100,22.0500,22.8000,187410,4146063.0000,-3.289500,HL,Down
2008-11-04,sh.600511,21.8000,22.0400,21.3200,21.9400,22.0500,521251,11227598.0000,-0.498900,LH,Down
2008-11-05,sh.600511,21.9200,22.3000,21.8100,21.8700,21.9400,106592,2351374.0000,-0.319100,LL,Down
2008-11-06,sh.600511,21.5800,21.7000,21.0800,21.6300,21.8700,66949,1438210.0000,-1.097400,LH,Down
2008-11-07,sh.600511,21.4800,21.7500,21.2000,21.6100,21.6300,35980,776161.0000,-0.092500,LH,Down
2008-11-10,sh.600511,22.0000,22.5700,21.5500,22.5500,21.6100,321909,7150214.0000,4.349800,HH,Up
2008-11-11,sh.600511,22.4000,22.5500,22.0900,22.3500,22.5500,141774,3160403.0000,-0.886900,LL,Down
2008-11-12,sh.600511,22.1000,22.4900,22.0800,22.4600,22.3500,82218,1836719.0000,0.492200,LH,Up
2008-11-13,sh.600511,22.4500,22.8500,22.0000,22.6800,22.4600,569502,12831002.0000,0.979500,LH,Up
2008-11-14,sh.600511,23.0600,23.7600,22.8000,23.7200,22.6800,329251,7694320.0000,4.585500,HH,Up
2008-11-17,sh.600511,23.8500,26.0900,23.7900,26.0900,23.7200,1756543,45440041.0000,9.991600,HH,Up
2008-11-18,sh.600511,26.2000,26.5000,24.2500,24.3400,26.0900,751872,18967479.0000,-6.707600,HL,Down
2008-11-19,sh.600511,24.2900,25.8600,23.8000,25.7700,24.3400,510849,12941016.0000,5.875100,LH,Up
2008-11-20,sh.600511,25.6900,25.6900,24.4000,25.0700,25.7700,500323,12474081.0000,-2.716300,LL,Down
2008-11-21,sh.600511,24.4100,24.9900,24.0000,24.7400,25.0700,426987,10453519.0000,-1.316300,LH,Down
2008-11-24,sh.600511,24.2500,25.8300,24.1900,24.5200,24.7400,207906,5226741.0000,-0.889200,LH,Down
2008-11-25,sh.600511,25.1000,25.1000,23.6600,24.7500,24.5200,264907,6457776.0000,0.938000,HL,Up
2008-11-26,sh.600511,24.6800,24.7700,24.2500,24.6500,24.7500,218423,5353297.0000,-0.404000,LL,Down
2008-11-27,sh.600511,25.6000,26.2000,24.6600,24.7900,24.6500,324044,8252165.0000,0.568000,HL,Up
2008-11-28,sh.600511,24.3700,25.6900,24.3600,25.6200,24.7900,310667,7821639.0000,3.348100,LH,Up
2008-12-01,sh.600511,25.6000,25.8000,25.0100,25.7100,25.6200,147034,3757423.0000,0.351300,LH,Up
2008-12-02,sh.600511,25.4600,25.7700,24.8900,25.5500,25.7100,209297,5327312.0000,-0.622300,LH,Down
2008-12-03,sh.600511,25.5200,26.7900,25.5200,26.6700,25.5500,360207,9457307.0000,4.383600,LH,Up
2008-12-04,sh.600511,26.9000,27.3000,26.4200,27.0000,26.6700,592557,16021199.0000,1.237300,HH,Up
2008-12-05,sh.600511,27.0700,27.0700,26.4100,26.8000,27.0000,321660,8582903.0000,-0.740700,HL,Down
2008-12-08,sh.600511,27.0000,27.8800,26.8000,27.7900,26.8000,220533,6083651.0000,3.694000,HH,Up
2008-12-09,sh.600511,27.8900,28.1700,27.2900,27.4000,27.7900,123003,3398227.0000,-1.403400,HL,Down
2008-12-10,sh.600511,27.3000,27.8000,27.2600,27.7200,27.4000,165990,4559402.0000,1.167900,LH,Up
2008-12-11,sh.600511,27.9800,29.5000,27.7200,28.6400,27.7200,349027,10011381.0000,3.318900,HH,Up
2008-12-12,sh.600511,28.4900,28.4900,27.4700,27.9100,28.6400,196679,5528724.0000,-2.548900,LL,Down
2008-12-15,sh.600511,27.9100,28.6500,27.2100,27.8500,27.9100,144333,4022386.0000,-0.215000,SL,Down
2008-12-16,sh.600511,27.8600,28.8800,27.7000,28.5300,27.8500,338922,9541017.0000,2.441700,HH,Up
2008-12-17,sh.600511,29.4800,29.4900,28.5100,28.7700,28.5300,265342,7734237.0000,0.841200,HL,Up
2008-12-18,sh.600511,29.0000,29.3200,28.5000,29.2200,28.7700,298731,8674535.0000,1.564100,HH,Up
2008-12-19,sh.600511,29.2200,29.9000,28.8000,29.7800,29.2200,199997,5920060.0000,1.916500,SH,Up
2008-12-22,sh.600511,29.9000,29.9700,29.3100,29.6100,29.7800,128403,3808243.0000,-0.570900,HL,Down
2008-12-23,sh.600511,29.7900,29.7900,28.1000,28.3600,29.6100,323686,9175398.0000,-4.221500,HL,Down
2008-12-24,sh.600511,27.6100,29.0000,27.0000,27.9200,28.3600,290134,7998675.0000,-1.551500,LH,Down
2008-12-25,sh.600511,28.8500,28.8500,27.0300,28.0400,27.9200,285898,7842506.0000,0.429800,HL,Up
2008-12-26,sh.600511,27.5000,28.1000,27.0800,27.3700,28.0400,193267,5276439.0000,-2.389400,LL,Down
2008-12-29,sh.600511,26.9800,27.7000,26.3000,27.5600,27.3700,651394,17564135.0000,0.694200,LH,Up
2008-12-31,sh.600511,27.7500,28.9700,27.6000,28.5700,27.5600,1201549,34020976.0000,3.664700,HH,Up
2009-01-05,sh.600511,28.8000,29.5400,28.1900,28.7500,28.5700,159749,4581210.0000,0.630000,HL,Up
2009-01-06,sh.600511,28.3100,29.0000,28.1600,28.3800,28.7500,258861,7325875.0000,-1.287000,LH,Down
2009-01-07,sh.600511,28.6700,28.9500,28.2000,28.8100,28.3800,549070,15608184.0000,1.515200,HH,Up
2009-01-08,sh.600511,28.7000,28.7000,28.2600,28.3600,28.8100,145115,4109050.0000,-1.562000,LL,Down
2009-01-09,sh.600511,28.1000,28.6700,28.1000,28.6500,28.3600,209995,5972533.0000,1.022600,LH,Up
2009-01-12,sh.600511,28.8500,29.1300,28.5500,28.6200,28.6500,235354,6751937.0000,-0.104700,HL,Down
2009-01-13,sh.600511,28.3500,28.7000,28.0100,28.3600,28.6200,235517,6718644.0000,-0.908500,LH,Down
2009-01-14,sh.600511,28.3000,28.6600,28.2000,28.6300,28.3600,275301,7817891.0000,0.952000,LH,Up
2009-01-15,sh.600511,28.6000,28.6000,27.6400,27.8000,28.6300,344685,9660278.0000,-2.899100,LL,Down
2009-01-16,sh.600511,27.8000,27.9800,27.3800,27.4500,27.8000,380693,10531201.0000,-1.259000,SL,Down
2009-01-19,sh.600511,27.8000,27.8000,26.2900,27.2000,27.4500,750005,20135255.0000,-0.910700,HL,Down
2009-01-20,sh.600511,27.2000,27.7000,26.7500,27.6900,27.2000,473370,12908172.0000,1.801500,SH,Up
2009-01-21,sh.600511,27.3100,27.6600,27.3000,27.3400,27.6900,460244,12603867.0000,-1.264000,LH,Down
2009-01-22,sh.600511,27.8100,28.4000,27.6800,27.6800,27.3400,2213764,62181226.0000,1.243600,HL,Up
2009-01-23,sh.600511,27.7200,27.9800,26.9700,26.9900,27.6800,562481,15293159.0000,-2.492776,HL,Down
2009-02-02,sh.600511,27.8700,27.8800,26.7100,27.3500,26.9900,879572,24064370.0000,1.333800,HL,Up
2009-02-03,sh.600511,27.3500,27.6000,27.0200,27.3200,27.3500,881613,24067660.0000,-0.109700,SL,Down
2009-02-04,sh.600511,27.3900,29.5500,27.3800,28.9300,27.3200,1413590,40256416.0000,5.893100,HH,Up
2009-02-05,sh.600511,28.9300,29.1000,27.9000,28.1000,28.9300,2543230,71478575.0000,-2.869000,SL,Down
2009-02-06,sh.600511,28.0000,28.4300,27.9500,28.3500,28.1000,3211785,90637616.0000,0.889700,LH,Up
2009-02-09,sh.600511,28.7800,29.0000,27.9000,29.0000,28.3500,3759417,106597558.0000,2.292800,HH,Up
2009-02-10,sh.600511,28.9700,28.9700,28.0900,28.7100,29.0000,3796944,108017470.0000,-1.000000,LL,Down
2009-02-11,sh.600511,28.4500,29.7100,28.2500,29.5600,28.7100,4439775,129704078.0000,2.960600,LH,Up
2009-02-12,sh.600511,29.5000,29.8000,28.5500,29.0800,29.5600,1996066,58183862.0000,-1.623800,LL,Down
2009-02-13,sh.600511,29.1800,30.1500,29.1800,30.1100,29.0800,2705213,80129232.0000,3.542000,HH,Up
2009-02-16,sh.600511,30.2000,31.1100,29.4800,31.1100,30.1100,3154473,95288516.0000,3.321200,HH,Up
2009-02-17,sh.600511,31.1100,31.1100,29.1800,29.2600,31.1100,2821496,85043987.0000,-5.946600,SL,Down
2009-02-18,sh.600511,28.6000,29.7800,28.5000,28.8400,29.2600,1749701,51040685.0000,-1.435400,LH,Down
2009-02-19,sh.600511,28.9500,29.4500,28.9500,29.2400,28.8400,1073309,31326458.0000,1.387000,HH,Up
2009-02-20,sh.600511,29.3300,29.4200,28.6600,29.3900,29.2400,1164773,33799392.0000,0.513000,HH,Up
2009-02-23,sh.600511,29.2900,30.2000,28.5000,29.9000,29.3900,6471245,187069972.0000,1.735300,LH,Up
2009-02-24,sh.600511,29.2900,29.4000,28.5000,28.5400,29.9000,3182559,92228193.0000,-4.548500,LL,Down
2009-02-25,sh.600511,28.5200,28.9000,27.5800,28.1200,28.5400,1946791,54634268.0000,-1.471600,LL,Down
2009-02-26,sh.600511,28.1200,28.2400,25.4000,26.4900,28.1200,1470831,40289421.0000,-5.796600,SL,Down
2009-02-27,sh.600511,26.0100,26.3100,25.2300,26.1200,26.4900,1786608,46029428.0000,-1.396749,LH,Down
2009-03-02,sh.600511,26.1000,26.7800,26.1000,26.6200,26.1200,669205,17722474.0000,1.914200,LH,Up
2009-03-03,sh.600511,26.0000,27.3800,25.6800,26.8300,26.6200,1401796,37761968.0000,0.788900,LH,Up
2009-03-04,sh.600511,26.9100,27.7700,26.9100,27.7400,26.8300,1637459,44957497.0000,3.391725,HH,Up
2009-03-05,sh.600511,27.8500,27.9700,27.0900,27.2500,27.7400,1229372,33795711.0000,-1.766400,HL,Down
2009-03-06,sh.600511,27.2200,27.2200,26.5300,26.6500,27.2500,1144061,30542903.0000,-2.201800,LL,Down
2009-03-09,sh.600511,26.8000,26.9800,26.0100,26.0500,26.6500,857610,22584081.0000,-2.251400,HL,Down
2009-03-10,sh.600511,26.0600,26.4000,26.0000,26.4000,26.0500,481251,12633962.0000,1.343600,HH,Up
2009-03-11,sh.600511,26.8000,27.1800,26.5800,27.0500,26.4000,2065806,55540102.0000,2.462100,HH,Up
2009-03-12,sh.600511,27.0300,27.1400,26.2100,26.9500,27.0500,712181,19037310.0000,-0.369700,LL,Down
2009-03-13,sh.600511,26.9400,27.0000,26.3600,26.4400,26.9500,554150,14752263.0000,-1.892400,LL,Down
2009-03-16,sh.600511,26.4400,26.4500,26.0100,26.4100,26.4400,340731,8931328.0000,-0.113500,SL,Down
2009-03-17,sh.600511,26.6100,27.5000,26.2000,27.3600,26.4100,2344078,62202012.0000,3.597100,HH,Up
2009-03-18,sh.600511,27.5000,27.8400,27.5000,27.6000,27.3600,2187872,60476634.0000,0.877200,HH,Up
2009-03-19,sh.600511,27.6000,27.8500,27.1900,27.8100,27.6000,2426824,66340762.0000,0.760900,SH,Up
2009-03-20,sh.600511,27.7000,27.7000,26.9300,27.4600,27.8100,2047188,55608435.0000,-1.258500,LL,Down
2009-03-23,sh.600511,27.3000,27.3000,26.5600,27.1000,27.4600,3361891,90575103.0000,-1.311000,LL,Down
2009-03-24,sh.600511,27.2100,28.3900,26.8000,28.3500,27.1000,6172886,168298655.0000,4.612500,HH,Up
2009-03-25,sh.600511,27.8900,27.9000,27.0000,27.0400,28.3500,2601092,71753794.0000,-4.620800,LL,Down
2009-03-26,sh.600511,27.0400,27.1900,26.4800,26.9500,27.0400,1876478,50446463.0000,-0.332800,SL,Down
2009-03-27,sh.600511,26.9700,27.2900,26.7200,26.8600,26.9500,2288262,61555764.0000,-0.334000,HL,Down
2009-03-30,sh.600511,26.8600,27.1300,26.7600,26.9600,26.8600,1353332,36422333.0000,0.372300,SH,Up
2009-03-31,sh.600511,26.5400,27.1700,26.5200,26.9800,26.9600,1749262,47002542.0000,0.074200,LH,Up
2009-04-01,sh.600511,27.1800,27.4400,26.9000,27.4200,26.9800,2951294,80020184.0000,1.630800,HH,Up
2009-04-02,sh.600511,27.3800,27.5900,27.1000,27.4500,27.4200,4368230,119257843.0000,0.109400,LH,Up
2009-04-03,sh.600511,27.5000,28.2900,27.2500,27.9800,27.4500,4522082,125361539.0000,1.930800,HH,Up
2009-04-07,sh.600511,28.9500,29.4700,28.1000,28.3300,27.9800,8185260,235147024.0000,1.250900,HL,Up
2009-04-08,sh.600511,28.3300,28.3300,27.2800,27.2900,28.3300,4563987,125923745.0000,-3.671000,SL,Down
2009-04-09,sh.600511,27.4000,29.4500,27.4000,29.0700,27.2900,10627318,305831992.0000,6.522500,HH,Up
2009-04-10,sh.600511,29.2000,30.5000,29.0700,29.7200,29.0700,9222203,273296309.0000,2.236000,HH,Up
2009-04-13,sh.600511,30.0400,30.5600,29.4000,30.0100,29.7200,5543514,166452647.0000,0.975800,HL,Up
2009-04-14,sh.600511,30.0500,31.1800,29.7500,30.7700,30.0100,3762271,115800832.0000,2.532500,HH,Up
2009-04-15,sh.600511,30.8000,31.8800,30.3000,30.7200,30.7700,2813483,87005131.0000,-0.162500,HL,Down
2009-04-16,sh.600511,31.1000,32.3000,30.8000,31.9900,30.7200,5842986,184750012.0000,4.134100,HH,Up
2009-04-17,sh.600511,32.5500,33.3500,31.3500,32.1000,31.9900,6928372,224947905.0000,0.343900,HL,Up
2009-04-20,sh.600511,32.5700,33.1500,31.4700,31.6400,32.1000,6016733,192465801.0000,-1.433000,HL,Down
2009-04-21,sh.600511,31.4600,32.1900,30.6100,32.1700,31.6400,4288528,134853097.0000,1.675100,LH,Up
2009-04-22,sh.600511,32.2000,32.4000,29.8900,30.1200,32.1700,3690163,114507193.0000,-6.372400,HL,Down
2009-04-23,sh.600511,30.0000,30.7800,29.6000,30.1500,30.1200,2673537,80486613.0000,0.099600,LH,Up
2009-04-24,sh.600511,30.5000,30.5000,29.4700,29.5400,30.1500,2685168,80498327.0000,-2.023200,HL,Down
2009-04-27,sh.600511,29.5800,30.0900,29.2800,29.5000,29.5400,2200170,65042201.0000,-0.135400,HL,Down
2009-04-28,sh.600511,29.5000,30.9600,29.5000,30.9400,29.5000,4048209,123506458.0000,4.881400,SH,Up
2009-04-29,sh.600511,30.9900,31.1500,30.2100,30.7000,30.9400,3065551,93951731.0000,-0.775700,HL,Down
2009-04-30,sh.600511,30.7500,30.9800,29.9600,30.5000,30.7000,3525303,106835696.0000,-0.651500,HL,Down
2009-05-04,sh.600511,30.5200,31.2200,30.5200,30.9900,30.5000,3051476,94623793.0000,1.606600,HH,Up
2009-05-05,sh.600511,31.0300,31.2000,30.5400,31.0500,30.9900,2869716,88625264.0000,0.193600,HH,Up
2009-05-06,sh.600511,31.0500,31.2000,30.7500,30.8600,31.0500,2076138,64150963.0000,-0.611900,SL,Down
2009-05-07,sh.600511,30.9500,31.0500,30.0200,30.4500,30.8600,1893032,57817485.0000,-1.328600,HL,Down
2009-05-08,sh.600511,30.4500,31.2500,30.1300,30.3900,30.4500,2244074,68661759.0000,-0.197000,SL,Down
2009-05-11,sh.600511,30.6500,30.7500,30.0000,30.0000,30.3900,2009601,60800067.0000,-1.283300,HL,Down
2009-05-12,sh.600511,29.8000,30.0600,29.0900,29.8400,30.0000,1787363,52912185.0000,-0.533300,LH,Down
2009-05-13,sh.600511,29.8700,30.2500,29.6800,29.7600,29.8400,1297251,38651936.0000,-0.268100,HL,Down
2009-05-14,sh.600511,29.8100,30.3000,29.7200,30.2800,29.7600,1924810,57657192.0000,1.747300,HH,Up
2009-05-18,sh.600511,30.3400,31.2900,30.3400,30.9900,30.2800,2915769,90043448.0000,2.344800,HH,Up
2009-05-19,sh.600511,31.0900,31.7300,31.0500,31.0800,30.9900,2695710,84659767.0000,0.290400,HL,Up
2009-05-20,sh.600511,31.0800,31.3800,30.6000,30.7400,31.0800,1529350,47172853.0000,-1.094000,SL,Down
2009-05-21,sh.600511,30.5800,30.5800,29.8800,29.9400,30.7400,1850064,55763282.0000,-2.602500,LL,Down
2009-05-22,sh.600511,29.9400,30.7500,29.8000,30.2000,29.9400,1625467,49171780.0000,0.868400,SH,Up
2009-05-25,sh.600511,29.7500,30.8500,29.1000,30.7900,30.2000,1708216,50994519.0000,1.953600,LH,Up
2009-05-26,sh.600511,31.2500,31.6800,30.5100,31.4200,30.7900,3844413,119876329.0000,2.046100,HH,Up
2009-05-27,sh.600511,31.3800,31.8500,30.8500,31.0900,31.4200,1836021,57473396.0000,-1.050300,LL,Down
2009-06-01,sh.600511,31.4100,31.6000,31.1000,31.4500,31.0900,2659688,83542992.0000,1.157900,HH,Up
2009-06-02,sh.600511,31.5000,31.7800,30.5800,30.8200,31.4500,4752431,146847342.0000,-2.003200,HL,Down
2009-06-03,sh.600511,15.3400,15.7700,15.2000,15.3100,15.3400,4386477,67953146.0000,-0.195600,SL,Down
2009-06-04,sh.600511,15.3500,16.8400,15.2500,16.8400,15.3100,27380743,443389889.0000,9.993500,HH,Up
2009-06-05,sh.600511,16.9500,17.8200,16.6000,17.1900,16.8400,19201573,332150471.0000,2.078400,HH,Up
2009-06-08,sh.600511,17.2500,17.4800,16.4500,16.9700,17.1900,8409653,142096947.0000,-1.279800,HL,Down
2009-06-09,sh.600511,17.2000,17.7200,16.8000,17.6600,16.9700,13536243,233611648.0000,4.066000,HH,Up
2009-06-10,sh.600511,17.6500,17.8700,17.3200,17.7300,17.6600,9139609,161420432.0000,0.396400,LH,Up
2009-06-11,sh.600511,17.6600,18.1900,17.4300,17.8200,17.7300,7528866,133849865.0000,0.507600,LH,Up
2009-06-12,sh.600511,17.8500,18.5900,17.5100,17.7000,17.8200,8728705,158120440.0000,-0.673400,HL,Down
2009-06-15,sh.600511,17.4000,18.3600,17.4000,18.1900,17.7000,6865026,124394801.0000,2.768400,LH,Up
2009-06-16,sh.600511,18.1400,19.0400,17.9100,18.9500,18.1900,7174076,133547545.0000,4.178100,LH,Up
2009-06-17,sh.600511,18.9500,20.0500,18.8000,19.5000,18.9500,10152054,198359821.0000,2.902400,SH,Up
2009-06-18,sh.600511,19.5200,19.7000,18.7600,18.9900,19.5000,7839217,149446444.0000,-2.615400,HL,Down
2009-06-19,sh.600511,19.0000,19.4300,18.0500,18.3000,18.9900,12310623,228212676.0000,-3.633500,HL,Down
2009-06-22,sh.600511,18.3000,18.5000,17.8100,18.3400,18.3000,6499515,118242655.0000,0.218600,SH,Up
2009-06-23,sh.600511,18.0000,18.2600,17.9000,18.0900,18.3400,3670029,66250803.0000,-1.363100,LH,Down
2009-06-24,sh.600511,18.1700,18.8300,17.9000,18.6800,18.0900,5327702,98493264.0000,3.261500,HH,Up
2009-06-25,sh.600511,18.5000,18.7900,18.1800,18.3000,18.6800,4098336,75600017.0000,-2.034300,LL,Down
2009-06-26,sh.600511,18.3000,18.4500,18.0200,18.3400,18.3000,3352029,60805237.0000,0.218600,SH,Up
2009-06-29,sh.600511,18.3200,18.3500,17.8000,18.0300,18.3400,6254726,112587453.0000,-1.690300,LL,Down
2009-06-30,sh.600511,18.0000,18.0000,17.6700,17.7500,18.0300,4653965,82571918.0000,-1.553000,LL,Down
2009-07-01,sh.600511,17.8000,17.8900,17.4500,17.7500,17.7500,3069016,54121226.0000,0.000000,HL,Smooth
2009-07-02,sh.600511,17.6800,18.0900,17.6800,17.7900,17.7500,3697868,65944244.0000,0.225400,LH,Up
2009-07-03,sh.600511,17.7000,17.7000,17.1800,17.4300,17.7900,8670458,150400209.0000,-2.023600,LL,Down
2009-07-06,sh.600511,17.4400,17.4600,17.0800,17.3200,17.4300,7663944,131985512.0000,-0.631100,HL,Down
2009-07-07,sh.600511,17.0200,18.3000,17.0200,17.8200,17.3200,5889755,104664161.0000,2.886836,LH,Up
2009-07-08,sh.600511,17.6300,18.1500,17.5100,17.9800,17.8200,5574980,100097014.0000,0.897900,LH,Up
2009-07-09,sh.600511,18.1200,18.9100,18.1200,18.5300,17.9800,5835719,108673567.0000,3.059000,HH,Up
2009-07-10,sh.600511,18.8000,19.1800,18.3400,18.5600,18.5300,6154605,114870622.0000,0.161900,HL,Up
2009-07-13,sh.600511,18.5600,19.1000,18.5600,18.7600,18.5600,4268527,80448853.0000,1.077600,SH,Up
2009-07-14,sh.600511,18.8000,19.1000,18.6500,18.8500,18.7600,4195341,79007997.0000,0.479700,HH,Up
2009-07-15,sh.600511,18.8600,19.2000,18.8500,18.9900,18.8500,5509349,104837152.0000,0.742700,HH,Up
2009-07-16,sh.600511,19.0300,19.1300,18.3900,18.4300,18.9900,8785507,163453518.0000,-2.948900,HL,Down
2009-07-17,sh.600511,18.5000,18.5200,18.2800,18.4100,18.4300,3140532,57746885.0000,-0.108500,HL,Down
2009-07-20,sh.600511,18.5500,18.5600,18.1900,18.2300,18.4100,7272090,133039404.0000,-0.977700,HL,Down
2009-07-21,sh.600511,18.2500,18.3800,17.9000,18.0200,18.2300,5702438,102942563.0000,-1.151900,HL,Down
2009-07-22,sh.600511,18.0000,18.1900,17.9200,17.9900,18.0200,3904190,70219177.0000,-0.166500,LL,Down
2009-07-23,sh.600511,18.0000,18.1500,17.9800,18.0900,17.9900,5520247,99489485.0000,0.555900,HH,Up
2009-07-24,sh.600511,18.1500,18.1500,17.7000,17.9000,18.0900,6220414,111369861.0000,-1.050300,HL,Down
2009-07-27,sh.600511,17.8900,18.1500,17.7800,18.0800,17.9000,6062165,109019471.0000,1.005600,LH,Up
2009-07-28,sh.600511,18.1000,18.1000,17.6000,17.9800,18.0800,7763541,138096440.0000,-0.553100,HL,Down
2009-07-29,sh.600511,18.0000,18.0400,16.1800,17.1200,17.9800,6444304,113229514.0000,-4.783100,HL,Down
2009-07-30,sh.600511,17.0200,17.5000,16.7500,16.9600,17.1200,5047063,85812993.0000,-0.934600,LL,Down
2009-07-31,sh.600511,17.1000,17.6000,17.1000,17.4900,16.9600,5648739,98621355.0000,3.125000,HH,Up
2009-08-03,sh.600511,17.5100,17.7500,17.2600,17.6000,17.4900,7152820,125012918.0000,0.628900,HH,Up
2009-08-04,sh.600511,17.6000,17.7000,17.1300,17.3400,17.6000,6920955,119688455.0000,-1.477300,SL,Down
2009-08-05,sh.600511,17.3400,18.1700,17.3100,18.1500,17.3400,10913301,195648190.0000,4.671300,SH,Up
2009-08-06,sh.600511,18.1000,18.9000,17.8000,18.6400,18.1500,19286720,356067500.0000,2.699700,LH,Up
2009-08-07,sh.600511,18.6400,18.7300,18.1800,18.4200,18.6400,9064791,167544806.0000,-1.180300,SL,Down
2009-08-10,sh.600511,18.4800,18.8800,18.4800,18.8400,18.4200,8485155,159217507.0000,2.280100,HH,Up
2009-08-11,sh.600511,18.9000,18.9700,18.5000,18.6900,18.8400,4514098,84357600.0000,-0.796200,HL,Down
2009-08-12,sh.600511,18.6900,18.7000,17.0000,17.3900,18.6900,6200353,111502683.0000,-6.955600,SL,Down
2009-08-13,sh.600511,17.3000,17.9000,17.3000,17.7700,17.3900,3523112,62128190.0000,2.185200,LH,Up
2009-08-14,sh.600511,17.9600,17.9600,16.6000,16.7800,17.7700,3884307,66337375.0000,-5.571200,HL,Down
2009-08-17,sh.600511,16.8000,17.2700,16.3400,16.4000,16.7800,3032442,51068739.0000,-2.264600,HL,Down
2009-08-18,sh.600511,16.2600,16.5000,16.0000,16.2900,16.4000,2023408,32974094.0000,-0.670700,LH,Down
2009-08-19,sh.600511,16.7900,17.2000,16.2600,16.5100,16.2900,4306783,72249672.0000,1.350500,HL,Up
2009-08-20,sh.600511,16.5500,17.0000,16.5500,16.9400,16.5100,2961317,49853034.0000,2.604500,HH,Up
2009-08-21,sh.600511,16.9900,18.5800,16.9400,18.3900,16.9400,8530649,153209824.0000,8.559600,HH,Up
2009-08-24,sh.600511,18.5900,20.0000,18.5000,19.7500,18.3900,14249923,275391748.0000,7.395300,HH,Up
2009-08-25,sh.600511,19.8000,19.8000,18.8000,19.5400,19.7500,11476917,222986793.0000,-1.063300,HL,Down
2009-08-26,sh.600511,19.4800,20.0000,19.0200,19.8900,19.5400,9320426,181111477.0000,1.791200,LH,Up
2009-08-27,sh.600511,19.6000,21.4500,19.5000,20.2900,19.8900,12709661,261615257.0000,2.011100,LH,Up
2009-08-28,sh.600511,20.1800,20.1800,18.8800,18.9400,20.2900,8443727,163232684.0000,-6.653500,LL,Down
2009-08-31,sh.600511,18.7500,19.4700,18.3200,18.8400,18.9400,7713479,147210227.0000,-0.528000,LH,Down
2009-09-01,sh.600511,18.6100,19.6700,18.4100,19.4400,18.8400,6473724,124943677.0000,3.184700,LH,Up
2009-09-02,sh.600511,19.4000,19.4200,18.4700,19.0300,19.4400,5011933,94706110.0000,-2.109100,LL,Down
2009-09-03,sh.600511,19.0100,19.7500,18.3900,19.5000,19.0300,12543415,237004864.0000,2.469800,LH,Up
2009-09-04,sh.600511,19.2000,20.2000,19.0100,20.1500,19.5000,12306154,241358174.0000,3.333300,LH,Up
2009-09-07,sh.600511,20.4000,21.1600,19.5000,20.0800,20.1500,13623865,280167750.0000,-0.347400,HL,Down
2009-09-08,sh.600511,19.7500,20.1000,19.4500,19.8300,20.0800,10226021,202158387.0000,-1.245000,LH,Down
2009-09-09,sh.600511,19.8400,19.9800,19.0200,19.2800,19.8300,8011358,154945509.0000,-2.773600,HL,Down
2009-09-10,sh.600511,19.8500,20.5800,19.5300,19.7300,19.2800,11422948,228079452.0000,2.334000,HL,Up
2009-09-11,sh.600511,19.3000,20.0000,19.2900,19.9300,19.7300,9020501,177933969.0000,1.013700,LH,Up
2009-09-14,sh.600511,19.9800,20.3300,19.5900,20.1100,19.9300,10552005,211320554.0000,0.903200,HH,Up
2009-09-15,sh.600511,20.1300,21.0000,19.9000,20.5700,20.1100,11357695,232515255.0000,2.287400,HH,Up
2009-09-16,sh.600511,20.7700,21.4000,20.5700,21.0600,20.5700,12301424,258438689.0000,2.382100,HH,Up
2009-09-17,sh.600511,21.4600,21.9900,21.0000,21.1000,21.0600,12065522,258185929.0000,0.189900,HL,Up
2009-09-18,sh.600511,21.1000,21.4300,20.0400,20.4700,21.1000,9974414,208873067.0000,-2.985800,SL,Down
2009-09-21,sh.600511,20.2800,21.1800,20.0500,21.0500,20.4700,7274407,151403402.0000,2.833400,LH,Up
2009-09-22,sh.600511,21.0800,21.5300,20.0200,20.0900,21.0500,9389542,194405820.0000,-4.560600,HL,Down
2009-09-23,sh.600511,20.1000,20.3500,19.0000,19.2200,20.0900,9458844,183376360.0000,-4.330500,HL,Down
2009-09-24,sh.600511,19.0100,19.1800,18.1900,18.5000,19.2200,7136656,132865908.0000,-3.746100,LL,Down
2009-09-25,sh.600511,18.5000,18.8400,18.3100,18.5700,18.5000,3063340,57167358.0000,0.378400,SH,Up
2009-09-29,sh.600511,18.4000,18.4000,17.0000,17.7400,18.5700,5852673,104428902.0000,-4.469600,LL,Down
2009-09-30,sh.600511,17.7500,18.2400,17.7400,17.9400,17.7400,2120688,38120480.0000,1.127400,HH,Up
2009-10-09,sh.600511,17.9500,18.5800,17.9500,18.5500,17.9400,3578290,65979312.0000,3.400200,HH,Up
2009-10-12,sh.600511,18.5800,18.8600,18.3900,18.6800,18.5500,2902732,54080356.0000,0.700800,HH,Up
2009-10-13,sh.600511,18.6800,18.7800,18.3100,18.5000,18.6800,2735311,50530582.0000,-0.963600,SL,Down
2009-10-14,sh.600511,18.5400,19.0900,18.4600,18.9200,18.5000,6754047,126424362.0000,2.270300,HH,Up
2009-10-15,sh.600511,18.8500,18.9900,18.3900,18.5000,18.9200,5092562,94701890.0000,-2.219900,LL,Down
2009-10-16,sh.600511,18.5900,18.7600,18.1700,18.3800,18.5000,3595592,66184601.0000,-0.648600,HL,Down
2009-10-19,sh.600511,18.4400,18.7500,18.2400,18.7100,18.3800,9918961,182370829.0000,1.795400,HH,Up
2009-10-20,sh.600511,18.8000,18.8000,18.3000,18.7300,18.7100,10918308,202697646.0000,0.106900,HL,Up
2009-10-21,sh.600511,18.7100,19.1000,18.5300,18.8900,18.7300,8497659,160473734.0000,0.854200,LH,Up
2009-10-22,sh.600511,18.8100,18.8700,18.4700,18.5300,18.8900,5865571,108931838.0000,-1.905800,LL,Down
2009-10-23,sh.600511,18.6000,18.7500,18.5100,18.7300,18.5300,6812632,127001595.0000,1.079300,HH,Up
2009-10-26,sh.600511,18.7600,20.3000,18.7600,20.0000,18.7300,17194586,335116110.0000,6.780600,HH,Up
2009-10-27,sh.600511,19.9000,19.9000,19.0200,19.0700,20.0000,11178267,216563285.0000,-4.650000,LL,Down
2009-10-28,sh.600511,18.9300,19.2000,18.3300,18.8500,19.0700,6877787,128767541.0000,-1.153641,LL,Down
2009-10-29,sh.600511,18.7000,19.3200,18.4000,18.6300,18.8500,7226232,137059751.0000,-1.167100,LL,Down
2009-10-30,sh.600511,18.7800,19.2100,18.6200,19.0200,18.6300,7115057,134311962.0000,2.093400,HH,Up
2009-11-02,sh.600511,18.9400,20.9200,18.6000,20.9200,19.0200,34129239,695431076.0000,9.989500,LH,Up
2009-11-03,sh.600511,21.9000,22.2800,20.9200,21.1900,20.9200,37671846,808374210.0000,1.290600,HL,Up
2009-11-04,sh.600511,21.1800,21.3000,20.4300,20.9400,21.1900,16879675,350936110.0000,-1.179800,LL,Down
2009-11-05,sh.600511,20.8400,22.9900,20.6300,22.2300,20.9400,23204362,515635825.0000,6.160500,LH,Up
2009-11-06,sh.600511,22.3500,22.6800,21.7500,21.7700,22.2300,14052547,309368811.0000,-2.069300,HL,Down
2009-11-09,sh.600511,21.7800,21.8000,20.8100,21.2900,21.7700,10362759,219121410.0000,-2.204900,HL,Down
2009-11-10,sh.600511,21.3200,21.8900,21.0200,21.2500,21.2900,11361669,244238806.0000,-0.187900,HL,Down
2009-11-11,sh.600511,21.2500,21.3900,20.8600,21.3400,21.2500,7043360,148241794.0000,0.423500,SH,Up
2009-11-12,sh.600511,21.3900,21.4000,20.9000,20.9900,21.3400,6451756,136443337.0000,-1.640100,HL,Down
2009-11-13,sh.600511,20.8800,20.9800,20.4000,20.7900,20.9900,7840174,162332805.0000,-0.952800,LL,Down
2009-11-16,sh.600511,20.9200,21.3200,20.8500,21.1900,20.7900,10299879,216918859.0000,1.924000,HH,Up
2009-11-17,sh.600511,21.2600,21.6000,20.8900,21.5500,21.1900,13664586,290820476.0000,1.698900,HH,Up
2009-11-18,sh.600511,21.6000,22.1500,21.2700,21.9500,21.5500,15422308,334785554.0000,1.856100,HH,Up
2009-11-19,sh.600511,22.0000,23.1000,21.9500,22.7300,21.9500,22515900,510181306.0000,3.553500,HH,Up
2009-11-20,sh.600511,22.6900,22.9500,22.2000,22.2400,22.7300,12118598,273337812.0000,-2.155700,LL,Down
2009-11-23,sh.600511,22.2400,22.5000,21.9000,22.1900,22.2400,9687413,214370198.0000,-0.224800,SL,Down
2009-11-24,sh.600511,22.3800,22.4200,20.5700,20.7500,22.1900,14602831,317295728.0000,-6.489400,HL,Down
2009-11-25,sh.600511,20.7000,22.6600,20.3600,22.4700,20.7500,21651313,465977717.0000,8.289200,LH,Up
2009-11-26,sh.600511,22.5700,24.1100,22.1500,22.8000,22.4700,34226696,795630821.0000,1.468600,HH,Up
2009-11-27,sh.600511,22.8000,25.0800,22.0000,24.4700,22.8000,37336274,903414376.0000,7.324600,SH,Up
2009-11-30,sh.600511,24.8800,25.2800,23.8000,25.1200,24.4700,26427338,645952176.0000,2.656300,HH,Up
2009-12-01,sh.600511,24.8800,25.1000,24.3000,24.9200,25.1200,15916552,393548316.0000,-0.796200,LH,Down
2009-12-02,sh.600511,24.7000,25.8800,24.5000,25.0300,24.9200,13027243,327516688.0000,0.441400,LH,Up
2009-12-03,sh.600511,24.9000,24.9800,24.1000,24.3900,25.0300,9547408,233415136.0000,-2.556900,LL,Down
2009-12-04,sh.600511,24.2400,25.3300,23.8600,24.2600,24.3900,12949434,318910745.0000,-0.533000,LH,Down
2009-12-07,sh.600511,24.3100,25.1500,24.2700,24.5100,24.2600,5716015,140814232.0000,1.030500,HH,Up
2009-12-08,sh.600511,24.4800,25.2200,24.3200,25.1000,24.5100,9180233,228998428.0000,2.407200,LH,Up
2009-12-09,sh.600511,25.1000,25.6000,24.3300,24.7100,25.1000,8148540,203568117.0000,-1.553800,SL,Down
2009-12-10,sh.600511,24.9800,25.0800,24.2400,24.4500,24.7100,5579741,136982309.0000,-1.052200,HL,Down
2009-12-11,sh.600511,24.5200,24.8000,23.9600,24.3800,24.4500,3472493,84385434.0000,-0.286300,HL,Down
2009-12-14,sh.600511,24.3800,24.7500,24.0600,24.5000,24.3800,3758755,91800689.0000,0.492200,SH,Up
2009-12-15,sh.600511,24.5800,25.6600,24.5200,25.5100,24.5000,7985370,202177198.0000,4.122400,HH,Up
2009-12-16,sh.600511,25.6500,26.6500,25.3300,26.5700,25.5100,10715176,281369693.0000,4.155200,HH,Up
2009-12-17,sh.600511,26.4400,26.6500,25.0000,25.6100,26.5700,10007206,255587430.0000,-3.613100,LL,Down
2009-12-18,sh.600511,25.1500,25.3800,24.3100,24.6800,25.6100,6066755,151347802.0000,-3.631400,LL,Down
2009-12-21,sh.600511,24.6900,25.1800,24.5500,25.1000,24.6800,3721889,92830112.0000,1.701800,HH,Up
2009-12-22,sh.600511,25.0900,25.2800,23.7700,24.8400,25.1000,6213792,152711655.0000,-1.035900,LL,Down
2009-12-23,sh.600511,24.5500,24.8200,24.2600,24.5600,24.8400,2057062,50437550.0000,-1.127200,LH,Down
2009-12-24,sh.600511,24.7000,25.8000,24.4900,25.7100,24.5600,4199610,105655961.0000,4.682400,HH,Up
2009-12-25,sh.600511,25.7200,26.5000,25.4700,26.3600,25.7100,5252355,136279560.0000,2.528200,HH,Up
2009-12-28,sh.600511,26.3800,26.6800,25.6000,26.1900,26.3600,4432241,115843284.0000,-0.644900,HL,Down
2009-12-29,sh.600511,26.1200,26.3500,25.7000,26.0300,26.1900,2630150,68357252.0000,-0.610900,LL,Down
2009-12-30,sh.600511,26.0000,26.8100,25.3600,25.8000,26.0300,6632359,173163934.0000,-0.883600,LL,Down
2009-12-31,sh.600511,25.7000,26.0800,25.3000,25.6000,25.8000,4666966,119501213.0000,-0.775200,LL,Down
2010-01-04,sh.600511,25.6000,26.1200,25.3100,25.9700,25.6000,3120261,80090472.0000,1.445300,SH,Up
2010-01-05,sh.600511,25.9800,26.9900,25.6100,26.7400,25.9700,7340795,194048118.0000,2.965000,HH,Up
2010-01-06,sh.600511,26.9800,27.9000,26.6100,26.8600,26.7400,8758510,240626406.0000,0.448800,HL,Up
2010-01-07,sh.600511,26.7300,27.4300,26.3500,26.5800,26.8600,4732905,126865419.0000,-1.042400,LL,Down
2010-01-08,sh.600511,26.4800,27.5000,26.4000,27.4600,26.5800,4214528,113909494.0000,3.310800,LH,Up
2010-01-11,sh.600511,28.0000,28.6300,26.8800,27.0300,27.4600,3761051,102460156.0000,-1.565900,HL,Down
2010-01-12,sh.600511,27.0000,27.5200,26.5100,27.5000,27.0300,3361159,91056599.0000,1.738800,LH,Up
2010-01-13,sh.600511,26.9200,28.9000,26.7500,28.8300,27.5000,7342134,208438371.0000,4.836400,LH,Up
2010-01-14,sh.600511,28.8300,29.2600,28.5000,29.1600,28.8300,3254005,94221878.0000,1.144600,SH,Up
2010-01-15,sh.600511,29.1000,29.1800,28.3800,28.5000,29.1600,1894261,54527506.0000,-2.263400,LL,Down
2010-01-18,sh.600511,28.5000,29.2800,28.3200,28.9800,28.5000,3036344,87234730.0000,1.684200,SH,Up
2010-01-19,sh.600511,28.9900,29.0000,27.9400,27.9900,28.9800,4142290,117078740.0000,-3.416100,HL,Down
2010-01-20,sh.600511,28.0800,28.5600,26.8000,27.5200,27.9900,3313436,92446437.0000,-1.679200,HL,Down
2010-01-21,sh.600511,27.5000,27.7800,27.1200,27.4900,27.5200,1643483,45070765.0000,-0.109000,LL,Down
2010-01-22,sh.600511,27.3500,27.9000,26.5500,26.8700,27.4900,2342743,63357463.0000,-2.255400,LL,Down
2010-01-25,sh.600511,26.8300,27.6500,26.8000,27.1700,26.8700,3006438,82108880.0000,1.116500,LH,Up
2010-01-26,sh.600511,27.0000,27.7000,25.5000,25.5100,27.1700,4935702,129352352.0000,-6.109700,LL,Down
2010-01-27,sh.600511,25.5100,26.2200,24.8200,25.6400,25.5100,2969609,76363282.0000,0.509600,SH,Up
2010-01-28,sh.600511,25.6900,27.0600,25.3500,26.9800,25.6400,3742061,98492369.0000,5.226200,HH,Up
2010-01-29,sh.600511,26.8000,27.5200,26.2100,26.9900,26.9800,2205809,59864110.0000,0.037100,LH,Up
2010-02-01,sh.600511,26.9500,27.5000,26.3400,27.3200,26.9900,2330080,62936412.0000,1.222700,LH,Up
2010-02-02,sh.600511,27.0300,27.4000,26.0000,26.2000,27.3200,2545110,67698743.0000,-4.099600,LL,Down
2010-02-03,sh.600511,26.2000,26.4900,24.7200,26.0000,26.2000,3637896,92504411.0000,-0.763400,SL,Down
2010-02-04,sh.600511,26.0300,26.1800,25.2600,25.7700,26.0000,3818230,98057316.0000,-0.884600,HL,Down
2010-02-05,sh.600511,25.3900,26.0000,25.0000,25.4900,25.7700,1544892,39545552.0000,-1.086500,LH,Down
2010-02-08,sh.600511,25.8000,26.1000,25.6100,25.8900,25.4900,1546967,40063166.0000,1.569200,HH,Up
2010-02-09,sh.600511,25.8300,26.0900,24.9100,25.0900,25.8900,988206,25110255.0000,-3.090000,LL,Down
2010-02-10,sh.600511,25.1900,25.4900,25.1100,25.4300,25.0900,919287,23220952.0000,1.355100,HH,Up
2010-02-11,sh.600511,25.4300,25.5900,25.0300,25.1300,25.4300,1026946,25964738.0000,-1.179700,SL,Down
2010-02-12,sh.600511,25.1100,25.8500,25.1100,25.6900,25.1300,1074006,27488930.0000,2.228400,LH,Up
2010-02-22,sh.600511,25.9200,26.5000,25.3000,26.2300,25.6900,1504498,39208113.0000,2.102000,HH,Up
2010-02-23,sh.600511,26.6000,28.1300,26.6000,27.4600,26.2300,6333526,174629853.0000,4.689300,HH,Up
2010-02-24,sh.600511,27.0800,28.8200,27.0600,28.3000,27.4600,5838162,165654728.0000,3.059000,LH,Up
2010-02-26,sh.600511,28.4000,28.7400,27.6200,27.9200,28.3000,3030984,84474342.0000,-1.342800,HL,Down
2010-03-01,sh.600511,27.9200,28.4500,27.6100,28.2600,27.9200,1832485,51791317.0000,1.217800,SH,Up
2010-03-02,sh.600511,28.0000,28.4300,27.8500,27.9400,28.2600,1704092,47967957.0000,-1.132300,LL,Down
2010-03-03,sh.600511,28.1000,28.4000,27.2500,27.9300,27.9400,2239486,61705231.0000,-0.035800,HL,Down
2010-03-04,sh.600511,27.9800,28.3500,27.0100,27.0500,27.9300,2381999,65397713.0000,-3.150700,HL,Down
2010-03-05,sh.600511,27.3000,27.6000,26.6600,27.5000,27.0500,2421501,65857295.0000,1.663600,HH,Up
2010-03-08,sh.600511,27.5000,28.0500,27.2400,27.2900,27.5000,1830154,50775921.0000,-0.763600,SL,Down
2010-03-09,sh.600511,27.3000,27.6000,26.8800,27.1900,27.2900,2018699,54966109.0000,-0.366400,HL,Down
2010-03-10,sh.600511,27.1000,27.4000,26.3800,26.4000,27.1900,1490835,39814117.0000,-2.905500,LL,Down
2010-03-11,sh.600511,26.5000,26.9000,25.7500,25.8800,26.4000,3009363,78919722.0000,-1.969700,HL,Down
2010-03-12,sh.600511,25.8500,25.9600,25.4700,25.5400,25.8800,1712800,43835121.0000,-1.313800,LL,Down
2010-03-15,sh.600511,25.5400,26.1500,25.0800,25.3800,25.5400,1828965,46711864.0000,-0.626500,SL,Down
2010-03-16,sh.600511,25.6000,25.6000,25.1800,25.2900,25.3800,1167216,29501848.0000,-0.354600,HL,Down
2010-03-17,sh.600511,25.7000,26.0900,25.5000,26.0300,25.2900,1568991,40321204.0000,2.926100,HH,Up
2010-03-18,sh.600511,26.0000,26.2500,25.5000,25.8900,26.0300,1515653,39100868.0000,-0.537800,LL,Down
2010-03-19,sh.600511,25.9000,25.9000,25.3500,25.6900,25.8900,1806384,45990622.0000,-0.772500,HL,Down
2010-03-22,sh.600511,25.7500,25.7900,24.9000,25.3800,25.6900,4440689,111931014.0000,-1.206700,HL,Down
2010-03-23,sh.600511,25.4700,25.6000,25.0000,25.4800,25.3800,2928757,74080028.0000,0.394000,HH,Up
2010-03-24,sh.600511,25.6100,25.8000,25.4000,25.7800,25.4800,3761675,96536490.0000,1.177400,HH,Up
2010-03-25,sh.600511,25.9600,26.1000,24.8900,25.1200,25.7800,3875661,97949955.0000,-2.560100,HL,Down
2010-03-26,sh.600511,25.1600,25.1600,24.4100,24.7000,25.1200,5603782,138034457.0000,-1.672000,HL,Down
2010-03-29,sh.600511,24.8800,25.3100,24.4900,25.3000,24.7000,6350694,157067289.0000,2.429100,HH,Up
2010-03-30,sh.600511,25.2400,25.2400,24.6800,24.7600,25.3000,6173608,153039637.0000,-2.134400,LL,Down
2010-03-31,sh.600511,24.7300,25.2000,24.5000,25.0400,24.7600,5542164,137782353.0000,1.130900,LH,Up
2010-04-01,sh.600511,25.0900,25.6000,25.0000,25.5700,25.0400,4990525,126382300.0000,2.116600,HH,Up
2010-04-02,sh.600511,25.5800,25.6200,25.2000,25.2500,25.5700,3498802,88694591.0000,-1.251500,HL,Down
2010-04-06,sh.600511,25.4400,25.5000,24.7000,24.9300,25.2500,4006622,99811851.0000,-1.267300,HL,Down
2010-04-07,sh.600511,24.9300,25.7400,24.9300,25.6800,24.9300,7100554,181187239.0000,3.008400,SH,Up
2010-04-08,sh.600511,25.7000,26.5200,25.4500,26.3300,25.6800,7154378,187094751.0000,2.531200,HH,Up
2010-04-09,sh.600511,26.3000,26.3000,25.9200,26.0300,26.3300,4310623,112317465.0000,-1.139400,LL,Down
2010-04-12,sh.600511,26.2000,26.6400,25.8500,26.5000,26.0300,5480426,143553447.0000,1.805600,HH,Up
2010-04-13,sh.600511,26.5100,27.0000,25.5000,25.9700,26.5000,4682660,122150625.0000,-2.000000,HL,Down
2010-04-14,sh.600511,25.8600,26.2300,25.7000,26.0100,25.9700,3463531,89825013.0000,0.154000,LH,Up
2010-04-15,sh.600511,26.1000,26.1500,25.3000,25.3400,26.0100,3166455,80915178.0000,-2.575900,HL,Down
2010-04-16,sh.600511,25.5300,25.5400,25.0100,25.3100,25.3400,3172788,80154568.0000,-0.118400,HL,Down
2010-04-19,sh.600511,25.2200,25.5900,24.5100,24.5400,25.3100,5141302,129321717.0000,-3.042300,LL,Down
2010-04-20,sh.600511,24.5100,25.4200,24.3500,25.2400,24.5400,5624301,139913940.0000,2.852500,LH,Up
2010-04-21,sh.600511,25.5000,26.5000,25.4700,26.1500,25.2400,8308849,217546307.0000,3.605400,HH,Up
2010-04-22,sh.600511,26.1700,26.4100,25.8500,25.9600,26.1500,3503687,91729888.0000,-0.726600,HL,Down
2010-04-26,sh.600511,25.7000,28.0500,25.7000,27.2400,25.9600,7815228,211482539.0000,4.930700,LH,Up
2010-04-27,sh.600511,27.2500,27.2600,26.2800,27.0200,27.2400,4037902,107944719.0000,-0.807600,HL,Down
2010-04-28,sh.600511,26.9500,27.8200,26.3900,27.4600,27.0200,4400687,120427684.0000,1.628400,LH,Up
2010-04-29,sh.600511,27.4100,27.5000,26.0000,26.0600,27.4600,4481195,121004684.0000,-5.098300,LL,Down
2010-04-30,sh.600511,26.1100,26.4500,25.1600,25.8400,26.0600,2856077,73161458.0000,-0.844200,HL,Down
2010-05-04,sh.600511,25.5900,26.8000,25.2200,26.6000,25.8400,2824125,74530008.0000,2.941200,LH,Up
2010-05-05,sh.600511,26.4300,27.6000,26.2000,27.4000,26.6000,5252356,143409773.0000,3.007500,LH,Up
2010-05-06,sh.600511,27.3000,27.8000,27.0200,27.1300,27.4000,4880089,133862189.0000,-0.985400,LL,Down
2010-05-07,sh.600511,26.5900,27.5800,26.3000,26.5100,27.1300,4353291,117154407.0000,-2.285300,LL,Down
2010-05-10,sh.600511,26.1000,26.5100,25.2900,25.3900,26.5100,4314275,110899286.0000,-4.224800,LL,Down
2010-05-11,sh.600511,25.7500,25.9500,24.6900,25.2200,25.3900,3114391,78042665.0000,-0.669600,HL,Down
2010-05-12,sh.600511,25.0000,25.0000,23.3000,24.6000,25.2200,6211383,150603208.0000,-2.458400,LL,Down
2010-05-13,sh.600511,24.5000,25.2000,23.8800,25.1800,24.6000,3991044,97813303.0000,2.357700,LH,Up
2010-05-14,sh.600511,25.1800,25.5500,24.8000,25.3700,25.1800,2601813,65796503.0000,0.754600,SH,Up
2010-05-17,sh.600511,25.0200,25.1500,24.3500,24.3700,25.3700,1670041,41508897.0000,-3.941700,LL,Down
2010-05-18,sh.600511,24.3500,24.3500,23.2000,23.8000,24.3700,3967588,93737645.0000,-2.338900,LL,Down
2010-05-19,sh.600511,23.8000,23.8500,23.1700,23.5000,23.8000,3778684,89085472.0000,-1.260500,SL,Down
2010-05-20,sh.600511,23.3500,23.7000,22.6500,22.9100,23.5000,3565974,81859160.0000,-2.510600,LL,Down
2010-05-21,sh.600511,22.3000,23.3000,21.6600,23.1700,22.9100,4662453,104919479.0000,1.134900,LH,Up
2010-05-24,sh.600511,23.1700,24.0100,23.0200,23.8300,23.1700,4712931,111409968.0000,2.848500,SH,Up
2010-05-25,sh.600511,23.9400,23.9400,23.2000,23.2900,23.8300,1843450,43407711.0000,-2.266100,HL,Down
2010-05-26,sh.600511,23.3500,23.4400,22.6400,22.8500,23.2900,2111837,48532144.0000,-1.889200,HL,Down
2010-05-27,sh.600511,22.8700,23.6500,22.5800,23.3500,22.8500,2013227,46498071.0000,2.188200,HH,Up
2010-05-28,sh.600511,23.4200,24.6500,23.4200,24.3600,23.3500,4939755,119939481.0000,4.325500,HH,Up
2010-05-31,sh.600511,24.3700,25.0200,23.6800,24.2600,24.3600,4564150,111842558.0000,-0.410500,HL,Down
2010-06-01,sh.600511,23.6000,24.2100,23.3500,23.6800,24.2600,1594558,37965158.0000,-2.390800,LH,Down
2010-06-02,sh.600511,23.6900,23.6900,22.4000,23.1300,23.6800,2389832,55273171.0000,-2.322600,HL,Down
2010-06-04,sh.600511,23.4000,23.5000,22.8100,23.1200,23.1300,991177,22962324.0000,-0.043200,HL,Down
2010-06-07,sh.600511,23.0000,23.1100,22.5200,22.8400,23.1200,864388,19741257.0000,-1.211100,LL,Down
2010-06-08,sh.600511,22.9700,23.3000,22.4800,22.7600,22.8400,1895099,43214643.0000,-0.350300,HL,Down
2010-06-09,sh.600511,22.8000,23.6600,22.8000,23.6000,22.7600,1530901,35657089.0000,3.690686,HH,Up
2010-06-10,sh.600511,23.5000,23.6900,23.0500,23.2000,23.6000,1866827,43623498.0000,-1.694900,LL,Down
2010-06-11,sh.600511,23.2200,24.1800,23.2200,23.9100,23.2000,6843027,162207994.0000,3.060300,HH,Up
2010-06-17,sh.600511,24.1800,24.3000,23.4500,23.6800,23.9100,5278141,125873225.0000,-0.961900,HL,Down
2010-06-18,sh.600511,23.6800,23.8000,21.3500,21.5000,23.6800,6010834,135496982.0000,-9.206100,SL,Down
2010-06-21,sh.600511,21.3000,22.1200,20.3700,21.6700,21.5000,6009379,127119622.0000,0.790700,LH,Up
2010-06-22,sh.600511,21.4200,22.2500,21.4200,22.1700,21.5700,2256958,49357742.0000,2.781600,LH,Up
2010-06-23,sh.600511,21.8000,22.5100,21.7000,21.9800,22.1700,3720609,82636983.0000,-0.857000,LH,Down
2010-06-24,sh.600511,22.1400,22.6100,21.6100,22.2800,21.9800,4043082,89559190.0000,1.364900,HH,Up
2010-06-25,sh.600511,22.3800,22.3900,22.0000,22.1300,22.2800,816224,18123602.0000,-0.673200,HL,Down
2010-06-28,sh.600511,21.9100,22.4000,21.6000,22.1400,22.1300,1107928,24577966.0000,0.045200,LH,Up
2010-06-29,sh.600511,22.1000,22.4000,20.5000,21.2600,22.1400,2330910,50602924.0000,-3.974700,LL,Down
2010-06-30,sh.600511,21.1200,21.9900,20.6800,21.7700,21.2600,1809267,38899701.0000,2.398900,LH,Up
2010-07-01,sh.600511,21.5100,21.8000,19.6300,20.5000,21.7700,2421659,49383729.0000,-5.833700,LL,Down
2010-07-02,sh.600511,20.2900,20.2900,19.0000,19.7000,20.5000,4833039,95269858.0000,-3.902400,LL,Down
2010-07-05,sh.600511,19.5400,20.6800,19.3000,20.6000,19.7000,3277127,65533358.0000,4.568500,LH,Up
2010-07-06,sh.600511,20.3200,21.6600,20.3200,21.3000,20.6000,2597606,55261359.0000,3.398100,LH,Up
2010-07-07,sh.600511,21.3000,22.1300,21.3000,22.0800,21.3000,2886604,62650631.0000,3.662000,SH,Up
2010-07-08,sh.600511,22.0000,22.2500,21.8000,22.1800,22.0800,1873216,41336723.0000,0.452900,LH,Up
2010-07-09,sh.600511,21.8600,22.7000,21.8600,22.6600,22.1800,3094458,68738928.0000,2.164100,LH,Up
2010-07-12,sh.600511,22.2200,23.2000,22.2100,23.0000,22.6600,1867890,42737694.0000,1.500400,LH,Up
2010-07-13,sh.600511,23.0000,23.0000,21.8100,22.3500,23.0000,1501334,33204365.0000,-2.826100,SL,Down
2010-07-14,sh.600511,22.3500,22.5500,22.0100,22.4900,22.3500,2310977,51648953.0000,0.626400,SH,Up
2010-07-16,sh.600511,22.0400,22.4800,21.0000,22.0100,22.4900,4276955,94002633.0000,-2.134280,LL,Down
2010-07-19,sh.600511,21.9000,22.2800,21.5200,22.1900,22.0100,2886262,63417929.0000,0.817800,LH,Up
2010-07-20,sh.600511,22.1400,22.7000,21.9200,22.5900,22.1900,2210539,49749265.0000,1.802600,LH,Up
2010-07-21,sh.600511,22.7600,23.0500,22.4500,22.4600,22.5900,763705,17342068.0000,-0.575500,HL,Down
2010-07-22,sh.600511,22.4500,22.4900,21.8000,22.4500,22.4600,6748965,148799015.0000,-0.044500,LS,Down
2010-07-23,sh.600511,22.4000,22.7900,21.9000,22.2200,22.4500,3642895,80730648.0000,-1.024500,LL,Down
2010-07-26,sh.600511,22.2500,22.3900,22.0000,22.2300,22.2200,1465608,32514223.0000,0.045000,HL,Up
2010-07-27,sh.600511,22.2400,23.1800,22.1000,23.0700,22.2300,6635820,151580160.0000,3.778700,HH,Up
2010-07-28,sh.600511,23.0600,23.2900,22.7800,23.1300,23.0700,4587987,105627795.0000,0.260100,LH,Up
2010-07-29,sh.600511,23.1400,23.2500,22.8200,22.9800,23.1300,1853841,42560964.0000,-0.648500,HL,Down
2010-07-30,sh.600511,22.8500,22.8600,22.4000,22.7100,22.9800,2412384,54622945.0000,-1.174900,LL,Down
2010-08-02,sh.600511,22.9000,23.1500,22.4000,23.0200,22.7100,5366192,121792669.0000,1.365000,HH,Up
2010-08-03,sh.600511,23.0100,23.2500,22.5100,22.6100,23.0200,5069865,115616725.0000,-1.781100,LL,Down
2010-08-04,sh.600511,22.6000,22.7600,22.3000,22.6300,22.6100,2817379,63293890.0000,0.088500,LH,Up
2010-08-05,sh.600511,22.5100,23.9000,22.5100,23.8600,22.6300,6736196,158346550.0000,5.435300,LH,Up
2010-08-06,sh.600511,23.8700,24.4000,23.4500,24.0000,23.8600,6997529,166709692.0000,0.586800,HH,Up
2010-08-09,sh.600511,24.0000,24.4700,23.8100,23.9800,24.0000,3747081,90157840.0000,-0.083300,SL,Down
2010-08-10,sh.600511,23.9000,24.6800,23.0000,23.1500,23.9800,5263815,125944148.0000,-3.461200,LL,Down
2010-08-11,sh.600511,23.0700,24.5800,23.0300,24.0000,23.1500,3583014,85925962.0000,3.671700,LH,Up
2010-08-12,sh.600511,23.9000,24.6800,23.5200,24.5600,24.0000,3648325,89092784.0000,2.333300,LH,Up
2010-08-13,sh.600511,24.6000,25.3500,24.5800,25.2500,24.5600,5552258,138608537.0000,2.809400,HH,Up
2010-08-16,sh.600511,25.2000,26.0000,25.0000,25.3800,25.2500,4366133,111552937.0000,0.514900,LH,Up
2010-08-17,sh.600511,25.4900,25.6900,25.0400,25.4000,25.3800,1915426,48364506.0000,0.078800,HL,Up
2010-08-18,sh.600511,25.4000,25.4500,24.8400,24.9800,25.4000,2567332,64266563.0000,-1.653500,SL,Down
2010-08-19,sh.600511,24.8600,25.4200,24.3800,24.6000,24.9800,3168500,78813603.0000,-1.521200,LL,Down
2010-08-20,sh.600511,24.4400,24.8000,23.3000,23.3200,24.6000,5387828,127687158.0000,-5.203300,LL,Down
2010-08-23,sh.600511,23.3100,23.7900,23.0000,23.6100,23.3200,2351850,55049262.0000,1.243600,LH,Up
2010-08-24,sh.600511,23.4300,23.8600,23.1600,23.8500,23.6100,2442040,57818165.0000,1.016500,LH,Up
2010-08-25,sh.600511,23.7800,23.7800,23.3600,23.4600,23.8500,3918728,92182202.0000,-1.635200,LL,Down
2010-08-26,sh.600511,23.4100,23.7000,23.3500,23.6200,23.4600,2094427,49252626.0000,0.682000,LH,Up
2010-08-27,sh.600511,23.7500,24.7000,23.7500,24.5400,23.6200,3885064,94626582.0000,3.895000,HH,Up
2010-08-30,sh.600511,24.5500,25.3400,24.2400,24.9300,24.5400,3269536,81681799.0000,1.589200,HH,Up
2010-08-31,sh.600511,24.9100,25.2800,24.5400,24.9000,24.9300,2082603,52042576.0000,-0.120300,LL,Down
2010-09-01,sh.600511,24.9100,25.4500,24.6800,25.0200,24.9000,2480486,62131579.0000,0.481900,HH,Up
2010-09-02,sh.600511,25.1000,25.7900,25.0100,25.1800,25.0200,2841284,72130924.0000,0.639500,HH,Up
2010-09-06,sh.600511,25.4600,25.8900,24.8900,25.0000,25.1800,2494241,62879568.0000,-0.714900,HL,Down
2010-09-07,sh.600511,24.7600,25.3000,24.3000,24.5900,25.0000,2357267,57971467.0000,-1.640000,LL,Down
2010-09-08,sh.600511,24.5000,24.8200,24.3000,24.6900,24.5900,1726531,42517563.0000,0.406671,LH,Up
2010-09-09,sh.600511,24.8500,25.5200,24.7100,25.0900,24.6900,3485011,87584343.0000,1.620100,HH,Up
2010-09-10,sh.600511,24.9900,25.8500,24.9800,25.8400,25.0900,3980923,101292998.0000,2.989200,LH,Up
2010-09-13,sh.600511,25.7000,25.7900,25.1400,25.3300,25.8400,4400775,111663094.0000,-1.973700,LL,Down
2010-09-14,sh.600511,25.3500,25.4900,24.8000,24.9800,25.3300,6197175,154838996.0000,-1.381800,HL,Down
2010-09-15,sh.600511,25.0000,25.1800,24.2600,24.4400,24.9800,2264986,56185992.0000,-2.161700,HL,Down
2010-09-16,sh.600511,24.4500,24.6000,23.6100,24.2900,24.4400,4059132,97299554.0000,-0.613700,HL,Down
2010-09-17,sh.600511,24.0400,24.5500,23.9500,23.9900,24.2900,1413409,34227774.0000,-1.235100,LL,Down
2010-09-20,sh.600511,24.2600,24.2600,23.4000,23.4200,23.9900,1458611,34612962.0000,-2.376000,HL,Down
2010-09-21,sh.600511,23.5000,24.6500,23.4500,24.4600,23.4200,2255429,54197662.0000,4.440600,HH,Up
2010-09-27,sh.600511,24.4800,24.6600,24.1800,24.5000,24.4600,2269263,55254092.0000,0.163500,HH,Up
2010-09-28,sh.600511,24.5200,24.6000,23.8200,23.9900,24.5000,1437414,34628765.0000,-2.081600,HL,Down
2010-09-29,sh.600511,23.9900,24.2300,22.0700,22.5500,23.9900,6284666,143577353.0000,-6.002500,SL,Down
2010-09-30,sh.600511,22.4500,22.8900,21.9800,22.8200,22.5500,7086473,158039853.0000,1.197300,LH,Up
2010-10-08,sh.600511,22.8000,23.4100,22.6800,23.0700,22.8200,7133494,164516783.0000,1.095500,LH,Up
2010-10-11,sh.600511,23.0000,23.0000,22.2000,22.6700,23.0700,13859174,311709131.0000,-1.733900,LL,Down
2010-10-12,sh.600511,22.5500,22.5500,22.1500,22.3500,22.6700,5447799,121408714.0000,-1.411600,LL,Down
2010-10-13,sh.600511,22.3500,22.5400,21.4000,21.8000,22.3500,11581558,251899781.0000,-2.460900,SL,Down
2010-10-14,sh.600511,21.8900,21.9700,21.3700,21.5800,21.8000,6051432,130541826.0000,-1.009200,HL,Down
2010-10-15,sh.600511,21.5800,21.9500,21.2000,21.5100,21.5800,12270071,263645487.0000,-0.324400,SL,Down
2010-10-18,sh.600511,21.6000,21.6000,20.5500,21.4600,21.5100,9849478,206595007.0000,-0.232500,HL,Down
2010-10-19,sh.600511,21.6000,22.5300,21.4100,22.4400,21.4600,9844511,217789375.0000,4.566600,HH,Up
2010-10-20,sh.600511,22.2700,23.2700,21.9900,22.7500,22.4400,13032089,296796568.0000,1.381500,LH,Up
2010-10-21,sh.600511,22.7800,23.2300,22.5500,22.8500,22.7500,7271634,166701776.0000,0.439600,HH,Up
2010-10-22,sh.600511,22.8600,23.0900,22.2700,22.4400,22.8500,7039274,159398434.0000,-1.794300,HL,Down
2010-10-25,sh.600511,22.4600,22.7900,21.8800,22.7000,22.4400,7346130,164456214.0000,1.158600,HH,Up
2010-10-26,sh.600511,22.7000,23.5000,22.4700,23.3000,22.7000,8371905,191882855.0000,2.643200,SH,Up
2010-10-27,sh.600511,23.8400,24.6200,23.6600,23.7900,23.3000,14039395,335400197.0000,2.103000,HL,Up
2010-10-28,sh.600511,23.6000,23.8600,23.0900,23.5300,23.7900,5212435,122375969.0000,-1.092900,LL,Down
2010-10-29,sh.600511,23.5100,23.6500,22.9000,23.3000,23.5300,4542017,106051232.0000,-0.977500,LL,Down
2010-11-01,sh.600511,24.0000,24.2500,23.8000,24.0900,23.3000,9260114,222795340.0000,3.390600,HH,Up
2010-11-02,sh.600511,24.0800,24.3300,23.7600,23.8900,24.0900,6189497,148924269.0000,-0.830200,LL,Down
2010-11-03,sh.600511,23.5500,24.0000,23.5100,23.5300,23.8900,3320546,78792663.0000,-1.506900,LL,Down
2010-11-04,sh.600511,23.4200,23.7500,23.3800,23.7000,23.5300,2709234,63909571.0000,0.722500,LH,Up
2010-11-05,sh.600511,23.9000,23.9000,23.3600,23.4800,23.7000,5288636,124200779.0000,-0.928300,HL,Down
2010-11-08,sh.600511,23.6700,24.4000,23.5000,24.3900,23.4800,8776281,211577245.0000,3.875600,HH,Up
2010-11-09,sh.600511,24.5000,25.7300,24.0900,25.5200,24.3900,11479784,286458771.0000,4.633000,HH,Up
2010-11-10,sh.600511,25.8000,27.4000,25.8000,26.2900,25.5200,17999576,479857946.0000,3.017200,HH,Up
2010-11-11,sh.600511,26.1000,28.9200,26.0200,27.5000,26.2900,22554086,621637889.0000,4.602500,LH,Up
2010-11-12,sh.600511,27.5000,28.7900,26.6000,27.8100,27.5000,22003648,615934679.0000,1.127300,SH,Up
2010-11-15,sh.600511,27.8200,28.6200,27.2700,28.5500,27.8100,11592157,327502586.0000,2.660900,HH,Up
2010-11-16,sh.600511,28.4100,28.9000,26.5000,28.1800,28.5500,10831339,303532853.0000,-1.296000,LL,Down
2010-11-17,sh.600511,27.5000,27.8500,25.4500,25.7900,28.1800,8421330,224451724.0000,-8.481200,LL,Down
2010-11-18,sh.600511,25.8000,26.7200,25.8000,26.6200,25.7900,7889410,207944560.0000,3.218300,HH,Up
2010-11-19,sh.600511,26.8000,27.2500,26.1800,26.9800,26.6200,4299797,114994178.0000,1.352400,HH,Up
2010-11-22,sh.600511,26.9500,27.3500,26.5200,26.8500,26.9800,4388661,118250862.0000,-0.481800,LL,Down
2010-11-23,sh.600511,26.8600,27.0900,25.9100,26.6900,26.8500,2867895,75774294.0000,-0.595900,HL,Down
2010-11-24,sh.600511,26.5000,28.2000,26.0000,28.1700,26.6900,5023912,137754074.0000,5.545100,LH,Up
2010-11-25,sh.600511,28.2000,28.8600,27.5300,28.0500,28.1700,6823372,193970533.0000,-0.426000,HL,Down
2010-11-26,sh.600511,28.0500,28.1400,27.3200,27.5300,28.0500,5493765,152144852.0000,-1.853800,SL,Down
2010-11-29,sh.600511,27.5300,27.8600,27.1100,27.5300,27.5300,5047328,139478332.0000,0.000000,SS,Smooth
2010-11-30,sh.600511,27.4000,27.9000,25.7100,27.0200,27.5300,8641369,231763920.0000,-1.852500,LL,Down
2010-12-01,sh.600511,26.8000,26.8100,25.5500,25.8000,27.0200,5464151,142385860.0000,-4.515200,LL,Down
2010-12-02,sh.600511,25.9800,25.9900,25.0600,25.2900,25.8000,8540273,216116235.0000,-1.976700,HL,Down
2010-12-03,sh.600511,25.2300,25.6000,24.8500,25.2800,25.2900,7159773,180311964.0000,-0.039500,LH,Down
2010-12-06,sh.600511,25.1800,26.2200,24.9100,25.7600,25.2800,10257740,265549333.0000,1.898700,LH,Up
2010-12-07,sh.600511,25.7600,26.5000,25.0300,26.2900,25.7600,3877037,100949692.0000,2.057500,SH,Up
2010-12-08,sh.600511,26.3000,26.3800,25.7400,25.9600,26.2900,3145303,82075368.0000,-1.255200,HL,Down
2010-12-09,sh.600511,25.7800,26.0200,25.2500,25.6400,25.9600,2182883,55873418.0000,-1.232700,LL,Down
2010-12-10,sh.600511,25.1500,25.9800,25.1500,25.5200,25.6400,2335169,59893395.0000,-0.468000,LH,Down
2010-12-13,sh.600511,25.5200,26.2700,25.3600,26.0100,25.5200,9542230,246114673.0000,1.920100,SH,Up
2010-12-14,sh.600511,26.1000,26.3500,25.7000,25.8600,26.0100,6485996,168625258.0000,-0.576700,HL,Down
2010-12-15,sh.600511,25.9200,26.4000,25.9000,26.2500,25.8600,4219327,110511361.0000,1.508100,HH,Up
2010-12-16,sh.600511,26.2400,26.5500,26.0000,26.1400,26.2500,3691756,97039097.0000,-0.419000,LL,Down
2010-12-17,sh.600511,26.0000,26.4000,25.7600,25.8900,26.1400,2111898,55200769.0000,-0.956400,LL,Down
2010-12-20,sh.600511,25.6100,26.1900,25.0000,25.9700,25.8900,6162448,157695059.0000,0.309000,LH,Up
2010-12-21,sh.600511,25.8000,26.2200,25.6000,25.6700,25.9700,5726293,148224541.0000,-1.155200,LL,Down
2010-12-22,sh.600511,25.6800,25.6800,24.5000,24.6100,25.6700,6164431,153344237.0000,-4.129300,HL,Down
2010-12-23,sh.600511,24.6500,25.0200,24.4000,24.5300,24.6100,3011611,74519388.0000,-0.325100,HL,Down
2010-12-24,sh.600511,24.6000,24.6200,23.7100,23.8000,24.5300,1717125,41117926.0000,-2.975900,HL,Down
2010-12-27,sh.600511,23.5800,24.2700,23.4800,23.5500,23.8000,1548700,36805731.0000,-1.050400,LL,Down
2010-12-28,sh.600511,23.5000,23.5000,22.4500,22.9200,23.5500,3789353,86944662.0000,-2.675200,LL,Down
2010-12-29,sh.600511,23.1000,24.1400,22.8800,23.9800,22.9200,3388760,80050250.0000,4.624800,HH,Up
2010-12-30,sh.600511,24.0000,24.7000,23.8000,24.4800,23.9800,5974935,145629114.0000,2.085100,HH,Up
2010-12-31,sh.600511,24.5000,25.0000,24.2100,24.8000,24.4800,4967701,122397735.0000,1.307200,HH,Up
2011-01-04,sh.600511,25.0000,25.0000,23.8000,23.9600,24.8000,6697515,160942307.0000,-3.387100,HL,Down
2011-01-05,sh.600511,23.8900,24.1800,23.6500,24.0400,23.9600,7919782,189206435.0000,0.333900,LH,Up
2011-01-06,sh.600511,23.8900,24.2000,23.7700,24.1100,24.0400,4363316,104800955.0000,0.291200,LH,Up
2011-01-07,sh.600511,24.0000,24.3200,23.7800,23.9000,24.1100,2034911,49046816.0000,-0.871000,LL,Down
2011-01-10,sh.600511,23.8000,24.0000,23.2900,23.8800,23.9000,7170960,169744815.0000,-0.083700,LH,Down
2011-01-11,sh.600511,23.7500,23.7600,23.1900,23.4000,23.8800,1075485,25194813.0000,-2.010100,LL,Down
2011-01-12,sh.600511,23.3100,23.5400,22.9300,23.0000,23.4000,1628289,37614390.0000,-1.709400,LL,Down
2011-01-13,sh.600511,23.0000,23.2300,22.6800,23.0000,23.0000,1943761,44576684.0000,0.000000,SS,Smooth
2011-01-14,sh.600511,22.9800,23.2000,22.3000,22.7500,23.0000,1918289,43657573.0000,-1.087000,LL,Down
2011-01-17,sh.600511,22.6900,22.7400,21.6000,21.9000,22.7500,1631733,35842909.0000,-3.736300,LL,Down
2011-01-18,sh.600511,21.8900,22.1500,21.7600,22.0600,21.9000,535256,11750773.0000,0.730600,LH,Up
2011-01-19,sh.600511,22.0800,22.2800,21.9000,22.2500,22.0600,1653078,36517790.0000,0.861300,HH,Up
2011-01-20,sh.600511,22.2000,22.2000,21.4200,21.5900,22.2500,1241136,27030006.0000,-2.966300,LL,Down
2011-01-21,sh.600511,21.5000,22.0000,21.2000,21.2600,21.5900,1396046,30068337.0000,-1.528500,LL,Down
2011-01-24,sh.600511,21.4500,21.6400,20.7800,20.8000,21.2600,1998546,42749889.0000,-2.163700,HL,Down
2011-01-25,sh.600511,20.8300,21.1900,20.6500,20.8300,20.8000,1293380,26956297.0000,0.144200,HS,Up
2011-01-26,sh.600511,20.6900,21.1700,20.6900,21.1400,20.8300,800237,16836595.0000,1.488200,LH,Up
2011-01-27,sh.600511,21.1500,21.4900,20.8000,21.3000,21.1400,669317,14240319.0000,0.756900,HH,Up
2011-01-28,sh.600511,21.3000,22.2000,21.3000,21.9200,21.3000,1051334,22898287.0000,2.910800,SH,Up
2011-01-31,sh.600511,21.9400,22.1500,21.7100,21.8100,21.9200,2156346,47366455.0000,-0.501800,HL,Down
2011-02-01,sh.600511,21.8000,21.9500,21.4600,21.9000,21.8100,902797,19580989.0000,0.412700,LH,Up
2011-02-09,sh.600511,21.8000,22.2900,21.4500,21.9600,21.9000,993546,21797594.0000,0.274000,LH,Up
2011-02-10,sh.600511,21.9600,22.7500,21.9000,22.4200,21.9600,1116701,25021342.0000,2.094700,SH,Up
2011-02-11,sh.600511,22.6000,22.7500,22.1200,22.3900,22.4200,1061121,23705108.0000,-0.133800,HL,Down
2011-02-14,sh.600511,22.4200,22.9400,22.4200,22.8800,22.3900,2573898,58580438.0000,2.188500,HH,Up
2011-02-15,sh.600511,22.7100,22.9000,22.4100,22.4500,22.8800,2609621,59202725.0000,-1.879400,LL,Down
2011-02-16,sh.600511,22.4100,22.6400,22.3000,22.4800,22.4500,1658388,37159010.0000,0.133600,LH,Up
2011-02-17,sh.600511,22.5400,22.6200,22.1700,22.2800,22.4800,1692192,37785106.0000,-0.889700,HL,Down
2011-02-18,sh.600511,22.3100,22.3400,21.5800,21.7400,22.2800,4362487,95125507.0000,-2.423700,HL,Down
2011-02-21,sh.600511,21.7500,21.9900,21.4900,21.9500,21.7400,4606201,100313763.0000,0.966000,HH,Up
2011-02-22,sh.600511,22.0400,22.2000,21.3600,21.5200,21.9500,4325337,94218287.0000,-1.959000,HL,Down
2011-02-23,sh.600511,21.5500,22.2600,21.4000,22.2400,21.5200,3432421,75157562.0000,3.345700,HH,Up
2011-02-24,sh.600511,22.1500,22.7500,22.0500,22.6000,22.2400,4696873,105359789.0000,1.618700,LH,Up
2011-02-25,sh.600511,22.5100,22.5500,22.1300,22.2500,22.6000,2616183,58180398.0000,-1.548700,LL,Down
2011-02-28,sh.600511,22.2400,22.4600,22.2400,22.3900,22.2500,2005875,44827628.0000,0.629200,LH,Up
2011-03-01,sh.600511,22.4100,22.8200,22.3000,22.7000,22.3900,3686363,83368513.0000,1.384553,HH,Up
2011-03-02,sh.600511,22.6000,22.8300,22.0000,22.2400,22.7000,4735926,105787042.0000,-2.026400,LL,Down
2011-03-03,sh.600511,22.2600,22.3600,21.4600,21.5500,22.2400,4622934,100698317.0000,-3.102500,HL,Down
2011-03-04,sh.600511,21.5600,21.8300,21.4000,21.8000,21.5500,2253366,48648233.0000,1.160100,HH,Up
2011-03-07,sh.600511,21.8500,21.9200,21.6300,21.7800,21.8000,3615492,78673587.0000,-0.091700,HL,Down
2011-03-08,sh.600511,21.7700,22.0800,21.6000,21.8300,21.7800,5444770,118912609.0000,0.229600,LH,Up
2011-03-09,sh.600511,21.8800,22.0700,21.8000,22.0700,21.8300,3425918,75088513.0000,1.099400,HH,Up
2011-03-10,sh.600511,22.1100,22.6300,22.1100,22.4100,22.0700,6078259,136333813.0000,1.540600,HH,Up
2011-03-11,sh.600511,22.4500,23.7100,22.4500,23.4800,22.4100,13624221,315219763.0000,4.774700,HH,Up
2011-03-14,sh.600511,23.5000,23.9900,23.2400,23.5900,23.4800,12475809,294678487.0000,0.468500,HH,Up
2011-03-15,sh.600511,23.5900,23.6900,22.7300,23.4200,23.5900,7390770,171496554.0000,-0.720600,SL,Down
2011-03-16,sh.600511,23.4100,23.4100,22.8700,23.0900,23.4200,3796151,87591585.0000,-1.409100,LL,Down
2011-03-17,sh.600511,22.9700,23.4800,22.5800,23.1500,23.0900,4680659,108254646.0000,0.259900,LH,Up
2011-03-18,sh.600511,23.0800,23.3000,22.6100,22.8400,23.1500,4547029,103766267.0000,-1.339100,LL,Down
2011-03-21,sh.600511,22.6800,22.6800,21.6800,21.9700,22.8400,8263171,182195390.0000,-3.809100,LL,Down
2011-03-22,sh.600511,21.9700,22.0500,21.5000,21.8300,21.9700,4872443,105459061.0000,-0.637200,SL,Down
2011-03-23,sh.600511,21.6000,21.9700,21.5900,21.9300,21.8300,3811823,83038963.0000,0.458100,LH,Up
2011-03-24,sh.600511,21.8900,22.1500,21.8100,22.0500,21.9300,2418729,53281481.0000,0.547200,LH,Up
2011-03-25,sh.600511,22.0500,22.1200,21.7100,21.8500,22.0500,5690762,124103740.0000,-0.907000,SL,Down
2011-03-28,sh.600511,21.8800,21.9500,21.2800,21.3600,21.8500,5965380,128568682.0000,-2.242600,HL,Down
2011-03-29,sh.600511,21.3500,21.5700,21.2000,21.4100,21.3600,2884789,61635287.0000,0.234100,LH,Up
2011-03-30,sh.600511,21.4800,21.6600,21.3200,21.3500,21.4100,2864782,61545512.0000,-0.280200,HL,Down
2011-03-31,sh.600511,21.3000,21.5900,21.2800,21.3400,21.3500,1972055,42135703.0000,-0.046800,LH,Down
2011-04-01,sh.600511,21.3300,21.5800,21.2200,21.4000,21.3400,2980932,63794100.0000,0.281200,LH,Up
2011-04-06,sh.600511,21.4200,21.4500,20.7600,20.8600,21.4000,4991944,104955611.0000,-2.523400,HL,Down
2011-04-07,sh.600511,20.8500,21.1500,20.8000,20.8800,20.8600,5248610,109734277.0000,0.095900,LH,Up
2011-04-08,sh.600511,20.9200,21.3400,20.9000,21.3200,20.8800,3469449,73508675.0000,2.107300,HH,Up
2011-04-11,sh.600511,21.3600,21.5800,21.1100,21.1600,21.3200,3107260,66265226.0000,-0.750500,HL,Down
2011-04-12,sh.600511,21.2200,21.5000,21.1500,21.4900,21.1600,3160375,67419631.0000,1.559500,HH,Up
2011-04-13,sh.600511,21.4300,21.9700,21.2900,21.8200,21.4900,4734499,102888264.0000,1.535600,LH,Up
2011-04-14,sh.600511,21.8300,21.9500,21.6000,21.7800,21.8200,3329845,72387742.0000,-0.183300,HL,Down
2011-04-15,sh.600511,21.7400,21.9500,21.3500,21.5000,21.7800,3026214,65040611.0000,-1.285600,LL,Down
2011-04-18,sh.600511,21.4700,21.8400,21.3000,21.4800,21.5000,3037803,64948340.0000,-0.093000,LH,Down
2011-04-19,sh.600511,21.4300,21.7800,21.2200,21.6300,21.4800,4644206,100393036.0000,0.698300,LH,Up
2011-04-21,sh.600511,21.8800,21.8800,19.5000,19.7600,21.6300,21827787,448335602.0000,-8.645400,HL,Down
2011-04-22,sh.600511,19.8500,19.8500,18.8500,19.3100,19.7600,14057153,268322223.0000,-2.277300,HL,Down
2011-04-25,sh.600511,19.3100,19.3100,18.3000,18.5000,19.3100,16050790,299320175.0000,-4.194700,SL,Down
2011-04-26,sh.600511,18.5100,18.7800,18.2100,18.5100,18.5000,6257462,115812192.0000,0.054100,HS,Up
2011-04-27,sh.600511,18.5600,18.8000,18.3700,18.4200,18.5100,7547833,140027471.0000,-0.486200,HL,Down
2011-04-28,sh.600511,18.4900,18.6000,18.0000,18.0300,18.4200,6480293,118301142.0000,-2.117300,HL,Down
2011-04-29,sh.600511,18.0300,18.2200,17.7300,17.8900,18.0300,5507989,99047885.0000,-0.776500,SL,Down
2011-05-03,sh.600511,17.9100,18.3700,17.8300,18.3400,17.8900,5134547,93246472.0000,2.515400,HH,Up
2011-05-04,sh.600511,18.3900,18.5000,18.0000,18.4800,18.3400,6229248,113611725.0000,0.763400,HH,Up
2011-05-05,sh.600511,18.6400,18.7000,18.4000,18.5500,18.4800,6140543,114093381.0000,0.378800,HL,Up
2011-05-06,sh.600511,18.5500,18.7900,18.2900,18.7200,18.5500,5237829,97695055.0000,0.916400,SH,Up
2011-05-09,sh.600511,18.7400,18.8400,18.5000,18.5700,18.7200,3618724,67396511.0000,-0.801300,HL,Down
2011-05-10,sh.600511,18.5200,18.5900,17.8600,18.5000,18.5700,8600490,155702192.0000,-0.377000,LL,Down
2011-05-11,sh.600511,18.3500,18.4400,18.0300,18.3700,18.5000,5315283,97243107.0000,-0.702700,LH,Down
2011-05-12,sh.600511,18.3200,18.6300,18.1800,18.3900,18.3700,6311399,116180932.0000,0.108900,LH,Up
2011-05-13,sh.600511,18.3500,18.3800,17.9800,18.1400,18.3900,3940808,71367295.0000,-1.359400,LL,Down
2011-05-16,sh.600511,18.1000,18.2900,17.9800,17.9800,18.1400,3861103,69666767.0000,-0.882000,LL,Down
2011-05-17,sh.600511,18.0000,18.0500,17.1000,17.2500,17.9800,7495834,132487856.0000,-4.060100,HL,Down
2011-05-18,sh.600511,17.2800,17.4500,17.1800,17.3800,17.2500,5294794,91588233.0000,0.753600,HH,Up
2011-05-19,sh.600511,17.3800,17.5300,17.2900,17.3200,17.3800,2258349,39313121.0000,-0.345200,SL,Down
2011-05-20,sh.600511,17.2600,17.3000,17.0100,17.1800,17.3200,3928432,67234630.0000,-0.808300,LL,Down
2011-05-23,sh.600511,17.2000,17.2200,16.4500,16.4700,17.1800,3784130,63581639.0000,-4.132700,HL,Down
2011-05-24,sh.600511,16.3900,16.7300,16.3700,16.6600,16.4700,3660874,60644287.0000,1.153600,LH,Up
2011-05-25,sh.600511,16.6700,16.8400,16.5100,16.7000,16.6600,4453254,74573530.0000,0.240100,HH,Up
2011-05-26,sh.600511,16.7000,17.1300,16.7000,16.9800,16.7000,3623159,61343461.0000,1.676600,SH,Up
2011-05-27,sh.600511,16.9900,17.0000,16.3000,16.3300,16.9800,3053840,50309878.0000,-3.828000,HL,Down
2011-05-30,sh.600511,16.2900,16.3400,16.0200,16.0500,16.3300,1941408,31448415.0000,-1.714600,LL,Down
2011-05-31,sh.600511,16.0100,16.4000,15.9000,16.3600,16.0500,2460142,39753670.0000,1.931500,LH,Up
2011-06-01,sh.600511,16.3100,16.5500,16.2100,16.4900,16.3600,1978165,32529212.0000,0.794600,LH,Up
2011-06-02,sh.600511,16.3000,16.3000,15.9600,16.1200,16.4900,2464875,39680216.0000,-2.243800,LL,Down
2011-06-03,sh.600511,16.1000,16.4400,16.0800,16.3500,16.1200,1766780,28852023.0000,1.426800,LH,Up
2011-06-07,sh.600511,16.3400,16.6400,16.2800,16.4900,16.3500,1866815,30819559.0000,0.856300,LH,Up
2011-06-08,sh.600511,16.4500,16.5300,16.1700,16.3000,16.4900,1535522,25045774.0000,-1.152200,LL,Down
2011-06-10,sh.600511,16.0100,16.2000,16.0000,16.1600,16.3000,1971118,31682053.0000,-0.858900,LH,Down
2011-06-13,sh.600511,16.1300,16.2100,15.9200,15.9800,16.1600,1607521,25765844.0000,-1.113900,LL,Down
2011-06-14,sh.600511,16.0200,16.1700,16.0000,16.1400,15.9800,2036169,32802872.0000,1.001300,HH,Up
2011-06-15,sh.600511,16.1000,16.2100,15.9500,16.0300,16.1400,1973629,31708017.0000,-0.681500,LL,Down
2011-06-16,sh.600511,15.9900,16.0100,15.5000,15.5900,16.0300,2684022,42440091.0000,-2.744900,LL,Down
2011-06-17,sh.600511,15.4400,15.4900,14.5800,14.7000,15.4400,3897076,58420951.0000,-4.792700,SL,Down
2011-06-20,sh.600511,14.7100,14.7500,14.4800,14.6800,14.7000,2449933,35778846.0000,-0.136100,HL,Down
2011-06-21,sh.600511,14.6800,14.7500,14.4100,14.6800,14.6800,3561304,51839129.0000,0.000000,SS,Smooth
2011-06-22,sh.600511,14.6500,14.6900,14.4400,14.5200,14.6800,1980460,28803632.0000,-1.089900,LL,Down
2011-06-23,sh.600511,14.5100,14.8500,14.3000,14.7100,14.5200,3892395,56854189.0000,1.308500,LH,Up
2011-06-24,sh.600511,14.7000,15.6400,14.6600,15.3400,14.7100,7636963,116066410.0000,4.282800,LH,Up
2011-06-27,sh.600511,15.3400,15.6000,15.3000,15.5500,15.3400,4192609,64823875.0000,1.369000,SH,Up
2011-06-28,sh.600511,15.5700,15.5800,15.3100,15.4600,15.5500,3334367,51564538.0000,-0.578800,HL,Down
2011-06-29,sh.600511,15.4600,15.4600,14.9900,15.0300,15.4600,7079342,107153849.0000,-2.781400,SL,Down
2011-06-30,sh.600511,15.0500,15.2300,14.9700,15.1800,15.0300,5960635,90118186.0000,0.998000,HH,Up
2011-07-01,sh.600511,15.2000,15.5800,15.0100,15.4400,15.1800,6332839,96790811.0000,1.712800,HH,Up
2011-07-04,sh.600511,15.4400,15.9900,15.4100,15.9600,15.4400,9202793,144945967.0000,3.367900,SH,Up
2011-07-05,sh.600511,15.9400,16.0700,15.8100,15.9000,15.9600,5130547,81638696.0000,-0.375900,LL,Down
2011-07-06,sh.600511,15.9500,16.4900,15.8800,16.4600,15.9000,9284882,151364219.0000,3.522000,HH,Up
2011-07-07,sh.600511,16.3700,17.1500,16.3000,16.8800,16.4600,12807018,215194494.0000,2.551600,LH,Up
2011-07-08,sh.600511,16.8000,17.0800,16.6900,16.8400,16.8800,6220924,104912578.0000,-0.236961,LH,Down
2011-07-11,sh.600511,16.8100,17.1600,16.4300,17.0900,16.8400,6092987,102187406.0000,1.484600,LH,Up
2011-07-12,sh.600511,16.9000,16.9300,16.5000,16.5500,17.0900,3481464,58200671.0000,-3.159700,LL,Down
2011-07-13,sh.600511,16.5400,16.8000,16.5100,16.6300,16.5500,5638445,94032835.0000,0.483400,LH,Up
2011-07-14,sh.600511,16.5900,16.9900,16.5900,16.9100,16.6300,5901290,99436549.0000,1.683700,LH,Up
2011-07-15,sh.600511,17.1500,17.7400,16.9900,17.6400,16.9100,9515072,164897732.0000,4.317000,HH,Up
2011-07-18,sh.600511,17.6600,18.2200,17.5000,17.7200,17.6400,9603901,172462046.0000,0.453500,HH,Up
2011-07-19,sh.600511,17.5500,17.6300,17.3100,17.3800,17.7200,3646530,63694829.0000,-1.918700,LL,Down
2011-07-20,sh.600511,17.4200,17.6700,17.2100,17.6400,17.3800,4069400,71153372.0000,1.496000,HH,Up
2011-07-21,sh.600511,17.6400,17.9900,17.3300,17.6900,17.6400,4008257,71144389.0000,0.283400,SH,Up
2011-07-22,sh.600511,17.7200,18.1800,17.4000,17.9300,17.6900,7895222,141328342.0000,1.356700,HH,Up
2011-07-25,sh.600511,17.8000,18.0000,17.0000,17.1800,17.9300,5935202,104440757.0000,-4.182900,LL,Down
2011-07-26,sh.600511,17.2000,17.2100,15.9400,16.3400,17.1800,8272539,135848485.0000,-4.889400,HL,Down
2011-07-27,sh.600511,16.2200,16.8100,15.9500,16.8000,16.3400,6107863,100277778.0000,2.815200,LH,Up
2011-07-28,sh.600511,16.5000,16.8000,16.3100,16.6600,16.8000,2463433,40917921.0000,-0.833300,LH,Down
2011-07-29,sh.600511,16.6600,16.7700,16.2600,16.3100,16.6600,3781031,62146740.0000,-2.100800,SL,Down
2011-08-01,sh.600511,16.3000,16.5200,15.9900,16.0800,16.3100,4990752,80838852.0000,-1.410200,LL,Down
2011-08-02,sh.600511,16.0800,16.0800,15.3500,15.6500,16.0800,3596651,55948943.0000,-2.674100,SL,Down
2011-08-03,sh.600511,15.4500,15.8300,15.3600,15.6500,15.6500,2053671,32146362.0000,0.000000,LH,Smooth
2011-08-04,sh.600511,15.7700,15.9100,15.6700,15.8100,15.6500,1998285,31617687.0000,1.022400,HH,Up
2011-08-05,sh.600511,15.3000,16.3600,15.0000,16.2300,15.8100,5970072,95507864.0000,2.656500,LH,Up
2011-08-08,sh.600511,16.0500,16.7600,15.3100,16.4200,16.2300,9278693,151646398.0000,1.170700,LH,Up
2011-08-09,sh.600511,15.9400,17.3500,15.6800,17.0700,16.4200,11712946,196852896.0000,3.958600,LH,Up
2011-08-10,sh.600511,17.2800,17.5400,17.1100,17.2900,17.0700,10072407,174896350.0000,1.288800,HH,Up
2011-08-11,sh.600511,17.0500,17.6500,17.0100,17.6100,17.2900,8072180,140831529.0000,1.850800,LH,Up
2011-08-12,sh.600511,17.6500,18.0800,17.4500,17.4600,17.6100,7611783,135232101.0000,-0.851800,HL,Down
2011-08-15,sh.600511,17.4600,17.7400,17.3000,17.7200,17.4600,5317778,93110986.0000,1.489100,SH,Up
2011-08-16,sh.600511,17.7100,17.7100,17.0500,17.0800,17.7200,7301611,125869111.0000,-3.611700,LL,Down
2011-08-17,sh.600511,17.2200,17.5600,17.0900,17.4100,17.0800,6321631,109592408.0000,1.932100,HH,Up
2011-08-18,sh.600511,17.3500,17.5900,16.8200,16.9700,17.4100,6368040,108696237.0000,-2.527300,LL,Down
2011-08-19,sh.600511,16.5200,17.1700,16.5200,17.0200,16.9700,3801992,64515110.0000,0.294600,LH,Up
2011-08-22,sh.600511,16.9500,17.2500,16.8100,16.8800,17.0200,2495394,42539330.0000,-0.822600,LL,Down
2011-08-23,sh.600511,16.9000,17.5300,16.9000,17.5000,16.8800,5811119,100792298.0000,3.673000,HH,Up
2011-08-24,sh.600511,17.5300,17.9700,17.4100,17.7000,17.5000,10116793,179131506.0000,1.142900,HH,Up
2011-08-25,sh.600511,17.6200,18.1000,17.6200,18.0500,17.7000,9612831,171500306.0000,1.977400,LH,Up
2011-08-26,sh.600511,18.0800,19.1700,17.9200,18.9600,18.0500,18823054,351282749.0000,5.041551,HH,Up
2011-08-29,sh.600511,18.8400,19.6200,18.6100,19.0400,18.9600,21253903,408325232.0000,0.421900,LH,Up
2011-08-31,sh.600511,18.7700,19.0500,18.2000,18.4900,19.0400,11873954,220007474.0000,-2.888700,LL,Down
2011-09-01,sh.600511,18.5200,18.6700,17.9000,17.9500,18.4900,7240993,131845512.0000,-2.920500,HL,Down
2011-09-02,sh.600511,17.8300,18.1400,17.6100,17.7200,17.9500,6531777,116147081.0000,-1.281300,LL,Down
2011-09-05,sh.600511,17.5900,17.7900,17.3100,17.6900,17.7200,4306007,75411544.0000,-0.169300,LH,Down
2011-09-06,sh.600511,17.4700,17.6900,16.8700,17.0000,17.6900,4593654,78765164.0000,-3.900500,LL,Down
2011-09-07,sh.600511,17.0000,17.5200,16.9100,17.4900,17.0000,3515159,60809627.0000,2.882400,SH,Up
2011-09-08,sh.600511,17.5800,17.8900,17.3800,17.6400,17.4900,4332583,76462232.0000,0.857631,HH,Up
2011-09-09,sh.600511,17.6000,17.7800,17.0000,17.1500,17.6400,3443283,59658699.0000,-2.777800,LL,Down
2011-09-13,sh.600511,16.8000,17.2000,16.7000,16.7900,17.1500,2518467,42556552.0000,-2.099100,LL,Down
2011-09-14,sh.600511,16.8900,17.0500,16.4200,16.9600,16.7900,2523171,42202671.0000,1.012500,HH,Up
2011-09-15,sh.600511,17.0200,17.3500,16.9700,17.2600,16.9600,3268328,56236806.0000,1.768900,HH,Up
2011-09-16,sh.600511,17.2800,17.4100,16.9900,17.0500,17.2600,1859114,31837986.0000,-1.216700,HL,Down
2011-09-19,sh.600511,16.8900,17.2700,16.4600,17.0600,17.0500,2734564,46032670.0000,0.058700,LH,Up
2011-09-20,sh.600511,17.0300,17.3800,16.6900,17.3300,17.0600,1811643,31117804.0000,1.582600,LH,Up
2011-09-21,sh.600511,17.2800,18.1800,17.2000,18.0000,17.3300,6315078,113080763.0000,3.866100,LH,Up
2011-09-22,sh.600511,17.8800,18.1300,17.4300,17.4500,18.0000,3636120,64618661.0000,-3.055600,LL,Down
2011-09-23,sh.600511,17.1400,17.9500,17.0100,17.5000,17.4500,3007269,52637381.0000,0.286500,LH,Up
2011-09-26,sh.600511,17.4300,17.6000,16.8400,17.1200,17.5000,3739801,64107310.0000,-2.171400,LL,Down
2011-09-27,sh.600511,17.1800,17.3600,16.5000,16.9500,17.1200,2166808,36732306.0000,-0.993000,HL,Down
2011-09-28,sh.600511,16.9800,17.0900,16.1000,16.4600,16.9500,2964135,49147397.0000,-2.890900,HL,Down
2011-09-29,sh.600511,16.4100,16.5000,15.9500,15.9600,16.4600,2162894,34922601.0000,-3.037700,LL,Down
2011-09-30,sh.600511,15.9700,16.2500,15.6500,15.9500,15.9600,1305685,20745299.0000,-0.062700,HL,Down
2011-10-10,sh.600511,16.0900,16.1700,15.6200,15.6600,15.9500,907647,14412280.0000,-1.818200,HL,Down
2011-10-11,sh.600511,16.0900,16.2900,15.4800,15.6400,15.6600,1165235,18475085.0000,-0.127700,HL,Down
2011-10-12,sh.600511,15.5200,16.2200,15.5000,16.2000,15.6400,2773557,44311205.0000,3.580600,LH,Up
2011-10-13,sh.600511,16.2000,16.6800,16.0900,16.3700,16.2000,2757021,45235403.0000,1.049400,SH,Up
2011-10-14,sh.600511,16.3900,16.5500,16.0500,16.1700,16.3700,1813465,29480067.0000,-1.221700,HL,Down
2011-10-17,sh.600511,16.1800,16.3500,16.0800,16.3300,16.1700,1526720,24755573.0000,0.989500,HH,Up
2011-10-18,sh.600511,16.2600,16.2600,15.6000,15.6600,16.3300,1934179,30583595.0000,-4.102900,LL,Down
2011-10-19,sh.600511,15.7500,15.8000,15.2000,15.2900,15.6600,2348208,36193869.0000,-2.362700,HL,Down
2011-10-20,sh.600511,15.2900,15.3200,14.7500,14.7800,15.2900,2793695,41592586.0000,-3.335500,SL,Down
2011-10-21,sh.600511,14.7800,14.8500,14.3900,14.4500,14.7800,1337979,19554209.0000,-2.232700,SL,Down
2011-10-24,sh.600511,14.4500,14.7600,14.0500,14.7300,14.4500,1854357,26896935.0000,1.937700,SH,Up
2011-10-25,sh.600511,14.7300,15.0900,14.4500,15.0500,14.7300,2501433,37158706.0000,2.172400,SH,Up
2011-10-26,sh.600511,15.0500,15.3300,14.7500,15.1000,15.0500,3398516,51268945.0000,0.332200,SH,Up
2011-10-27,sh.600511,14.9500,15.5800,14.9500,15.3500,15.1000,3816448,58838125.0000,1.655600,LH,Up
2011-10-28,sh.600511,15.6500,15.8500,15.5000,15.7000,15.3500,2787900,43641021.0000,2.280100,HH,Up
2011-10-31,sh.600511,15.7700,15.8000,15.4500,15.6500,15.7000,2266775,35322742.0000,-0.318500,HL,Down
2011-11-01,sh.600511,15.5000,15.7500,15.3600,15.5900,15.6500,2495722,38881683.0000,-0.383400,LH,Down
2011-11-02,sh.600511,15.5200,15.9200,15.2700,15.9100,15.5900,2399126,37513806.0000,2.052600,LH,Up
2011-11-03,sh.600511,16.0000,16.3700,15.9200,16.1100,15.9100,4218540,68207390.0000,1.257100,HH,Up
2011-11-04,sh.600511,16.1800,16.2500,15.8700,16.1200,16.1100,2041875,32689524.0000,0.062100,HL,Up
2011-11-07,sh.600511,16.1300,16.2600,15.8900,15.9600,16.1200,1658447,26614826.0000,-0.992600,HL,Down
2011-11-08,sh.600511,15.9800,16.6500,15.5200,15.6000,15.9600,3770116,59758337.0000,-2.255600,HL,Down
2011-11-09,sh.600511,15.6000,15.9300,15.5000,15.9100,15.6000,2155346,33883734.0000,1.987200,SH,Up
2011-11-10,sh.600511,15.7800,15.8600,15.6100,15.7300,15.9100,1662607,26121947.0000,-1.131400,LL,Down
2011-11-11,sh.600511,15.7700,15.8800,15.6600,15.7500,15.7300,1009335,15904844.0000,0.127100,HL,Up
2011-11-14,sh.600511,15.8100,16.0700,15.8100,16.0000,15.7500,2722969,43419525.0000,1.587300,HH,Up
2011-11-15,sh.600511,15.9900,16.2700,15.8000,16.2500,16.0000,3864340,62199408.0000,1.562500,LH,Up
2011-11-16,sh.600511,16.2100,16.5000,15.9100,15.9800,16.2500,4367291,71046959.0000,-1.661500,LL,Down
2011-11-17,sh.600511,15.9800,16.0700,15.6000,15.6600,15.9800,2622931,41444833.0000,-2.002500,SL,Down
2011-11-21,sh.600511,15.2700,15.2800,14.7000,14.9600,15.6600,3454936,51616642.0000,-4.470000,LL,Down
2011-11-22,sh.600511,14.7000,14.9600,14.6500,14.7000,14.9600,2497049,36820144.0000,-1.738000,LS,Down
2011-11-23,sh.600511,14.7600,14.8500,14.6100,14.6700,14.7000,1876022,27560779.0000,-0.204100,HL,Down
2011-11-24,sh.600511,14.5500,14.8500,14.4600,14.8300,14.6700,1693576,24820566.0000,1.090700,LH,Up
2011-11-25,sh.600511,14.8000,14.8000,14.6300,14.6300,14.8300,1105978,16265277.0000,-1.348600,LL,Down
2011-11-28,sh.600511,14.7300,14.8000,14.4900,14.5800,14.6300,876012,12769722.0000,-0.341800,HL,Down
2011-11-29,sh.600511,14.7700,14.9000,14.6000,14.8900,14.5800,1535136,22730393.0000,2.126200,HH,Up
2011-11-30,sh.600511,14.8500,15.0900,14.2200,14.5600,14.8900,2422899,35741439.0000,-2.216300,LL,Down
2011-12-01,sh.600511,14.8600,15.1800,14.6000,15.1500,14.5600,3555259,53385459.0000,4.052200,HH,Up
2011-12-02,sh.600511,15.1300,15.1400,14.8200,14.9900,15.1500,2305768,34549427.0000,-1.056100,LL,Down
2011-12-05,sh.600511,14.9300,15.0000,14.4500,14.6800,14.9900,1589154,23220617.0000,-2.068000,LL,Down
2011-12-06,sh.600511,14.6800,14.7100,14.3700,14.6500,14.6800,722463,10508646.0000,-0.204400,SL,Down
2011-12-07,sh.600511,14.4900,14.6700,14.4500,14.4900,14.6500,684056,9962320.0000,-1.092200,LS,Down
2011-12-08,sh.600511,14.6000,14.6000,14.2000,14.5300,14.4900,1292602,18587732.0000,0.276100,HL,Up
2011-12-09,sh.600511,14.4000,14.4800,13.9000,14.1200,14.5300,3147554,44582978.0000,-2.821700,LL,Down
2011-12-12,sh.600511,14.0400,14.1600,13.6500,13.6500,14.1200,1749507,24140619.0000,-3.328600,LL,Down
2011-12-13,sh.600511,13.6800,13.6800,13.3000,13.5800,13.6500,2609585,34976042.0000,-0.512800,HL,Down
2011-12-14,sh.600511,13.4000,13.5500,13.2800,13.4700,13.5800,2138077,28656709.0000,-0.810000,LH,Down
2011-12-15,sh.600511,13.4200,13.4200,12.8600,13.2000,13.4700,2155194,28201843.0000,-2.004500,LL,Down
2011-12-16,sh.600511,13.2000,13.7400,13.0300,13.6800,13.2000,2006953,26788709.0000,3.636400,SH,Up
2011-12-19,sh.600511,13.6500,13.6500,13.2500,13.5000,13.6800,1666259,22350152.0000,-1.315800,LL,Down
2011-12-20,sh.600511,13.5000,13.5800,13.0100,13.0500,13.5000,1723589,22991297.0000,-3.333300,SL,Down
2011-12-21,sh.600511,13.2700,13.2700,12.8000,12.8200,13.0500,1999182,26029656.0000,-1.762500,HL,Down
2011-12-23,sh.600511,12.7700,12.8800,12.5000,12.7000,12.8200,1757526,22302200.0000,-0.936000,LL,Down
2011-12-26,sh.600511,12.7000,12.7700,12.5100,12.5400,12.7000,2575154,32618295.0000,-1.259800,SL,Down
2011-12-27,sh.600511,12.5100,12.5600,11.7200,11.7400,12.5400,3175087,38293286.0000,-6.379600,LL,Down
2011-12-28,sh.600511,11.7400,11.8400,11.2900,11.8200,11.7400,4051790,46938492.0000,0.681400,SH,Up
2011-12-29,sh.600511,11.6000,11.8500,11.5900,11.6700,11.8200,1576742,18505134.0000,-1.269000,LH,Down
2011-12-30,sh.600511,11.6100,12.0100,11.6100,11.9900,11.6700,1792346,21165453.0000,2.742100,LH,Up
2012-01-04,sh.600511,12.0100,12.1200,11.6900,11.6900,11.9900,891356,10599457.0000,-2.502100,HL,Down
2012-01-05,sh.600511,11.7200,11.7200,10.9900,11.2100,11.6900,2026137,22722695.0000,-4.106100,HL,Down
2012-01-06,sh.600511,11.1800,11.2200,10.4600,10.7300,11.2100,6293468,67553251.0000,-4.281900,LL,Down
2012-01-09,sh.600511,10.8000,11.2500,10.6100,11.1800,10.7300,5966901,65549592.0000,4.193800,HH,Up
2012-01-10,sh.600511,11.2200,11.7300,11.1100,11.6400,11.1800,3758679,43138458.0000,4.114500,HH,Up
2012-01-11,sh.600511,11.6500,11.8300,11.5200,11.7000,11.6400,2075609,24228998.0000,0.515500,HH,Up
2012-01-12,sh.600511,11.6800,11.8000,11.5600,11.6400,11.7000,1827438,21326758.0000,-0.512800,LL,Down
2012-01-13,sh.600511,11.6400,11.6600,10.9000,11.0300,11.6400,2480150,27769202.0000,-5.240600,SL,Down
2012-01-16,sh.600511,10.9500,11.0300,10.7100,10.7300,11.0300,1927782,20954643.0000,-2.719900,LL,Down
2012-01-17,sh.600511,10.7800,11.3500,10.5800,11.3300,10.7300,2318039,25703521.0000,5.591800,HH,Up
2012-01-18,sh.600511,11.4500,11.4700,10.9500,10.9900,11.3300,2179374,24395361.0000,-3.000900,HL,Down
2012-01-19,sh.600511,10.9500,11.3500,10.9500,11.2800,10.9900,1721932,19344322.0000,2.638800,LH,Up
2012-01-20,sh.600511,11.3000,11.7400,11.2500,11.6300,11.2800,2406736,27794777.0000,3.102800,HH,Up
2012-01-30,sh.600511,11.6600,11.7300,11.4500,11.4900,11.6300,1209405,13964945.0000,-1.203800,HL,Down
2012-01-31,sh.600511,11.4600,11.5300,11.1700,11.3300,11.4900,1282360,14499845.0000,-1.392500,LL,Down
2012-02-01,sh.600511,11.3300,11.4300,11.1800,11.2500,11.3300,1440324,16270317.0000,-0.706100,SL,Down
2012-02-02,sh.600511,11.3200,11.3800,11.1600,11.3700,11.2500,3713928,41753324.0000,1.066700,HH,Up
2012-02-03,sh.600511,11.3000,11.9600,11.2600,11.9500,11.3700,7794344,91057414.0000,5.101100,LH,Up
2012-02-06,sh.600511,11.9300,12.1500,11.8000,12.1300,11.9500,5507858,65834013.0000,1.506300,LH,Up
2012-02-07,sh.600511,12.0600,12.0600,11.7500,11.9000,12.1300,4321908,51265401.0000,-1.896100,LL,Down
2012-02-08,sh.600511,11.7600,12.2900,11.7300,12.2800,11.9000,4431593,53045539.0000,3.193300,LH,Up
2012-02-09,sh.600511,12.2000,12.3500,12.0800,12.2700,12.2800,4795176,58507480.0000,-0.081400,LH,Down
2012-02-10,sh.600511,12.2500,12.2900,12.0100,12.1900,12.2700,5733912,69677684.0000,-0.652000,LL,Down
2012-02-13,sh.600511,12.0500,12.2800,11.9500,12.2200,12.1900,4661834,56758372.0000,0.246100,LH,Up
2012-02-14,sh.600511,12.2200,12.3300,12.0700,12.1700,12.2200,3589425,43679482.0000,-0.409200,SL,Down
2012-02-15,sh.600511,12.1400,12.4300,12.0200,12.3800,12.1700,4374528,53579388.0000,1.725600,LH,Up
2012-02-16,sh.600511,12.4000,12.5400,12.0600,12.2300,12.3800,3479784,42883279.0000,-1.211600,HL,Down
2012-02-17,sh.600511,12.2300,12.3200,12.0700,12.2100,12.2300,2077390,25343952.0000,-0.163500,SL,Down
2012-02-20,sh.600511,12.3700,12.4200,12.0600,12.0700,12.2100,2972801,36382586.0000,-1.146600,HL,Down
2012-02-21,sh.600511,12.0800,12.4000,11.9000,12.3000,12.0700,3337306,40502110.0000,1.905600,HH,Up
2012-02-22,sh.600511,12.3200,12.6500,12.2000,12.6000,12.3000,5872837,73084977.0000,2.439000,HH,Up
2012-02-23,sh.600511,12.5900,12.8400,12.4800,12.6500,12.6000,5502307,69559249.0000,0.396800,LH,Up
2012-02-24,sh.600511,12.6600,12.9500,12.5400,12.9300,12.6500,5009352,63976502.0000,2.213400,HH,Up
2012-02-27,sh.600511,12.9900,13.2600,12.8400,12.9100,12.9300,6595115,85775790.0000,-0.154700,HL,Down
2012-02-28,sh.600511,12.8900,13.1000,12.7100,12.8800,12.9100,4970434,64120754.0000,-0.232400,LL,Down
2012-02-29,sh.600511,12.8600,12.8600,12.5500,12.6000,12.8800,4461498,56552670.0000,-2.173900,LL,Down
2012-03-01,sh.600511,12.5400,12.7200,12.5300,12.6200,12.6000,2763447,34878883.0000,0.158700,LH,Up
2012-03-02,sh.600511,12.6700,12.8300,12.6000,12.8000,12.6200,4522716,57414910.0000,1.426300,HH,Up
2012-03-05,sh.600511,12.8700,12.8800,12.4500,12.5400,12.8000,8057367,101822080.0000,-2.031200,HL,Down
2012-03-06,sh.600511,12.4800,12.5000,12.0000,12.1300,12.5400,6783659,82907679.0000,-3.269500,LL,Down
2012-03-07,sh.600511,12.0000,12.1600,11.9100,12.0100,12.1300,4706431,56672476.0000,-0.989300,LH,Down
2012-03-08,sh.600511,12.1300,12.3800,12.0400,12.3100,12.0100,5941233,72641596.0000,2.497900,HH,Up
2012-03-09,sh.600511,12.4000,12.6600,12.2800,12.6400,12.3100,8868708,110615958.0000,2.680700,HH,Up
2012-03-12,sh.600511,12.6900,13.1300,12.6600,13.0800,12.6400,10908098,140989617.0000,3.481000,HH,Up
2012-03-13,sh.600511,13.0000,13.8600,12.8600,13.3700,13.0800,11438927,150551576.0000,2.217100,LH,Up
2012-03-14,sh.600511,13.3900,13.5000,12.4000,12.6100,13.3700,17213818,225592035.0000,-5.684400,HL,Down
2012-03-15,sh.600511,12.5400,12.9000,12.2800,12.7100,12.6100,7442118,93893135.0000,0.793000,LH,Up
2012-03-16,sh.600511,12.7100,13.2500,12.6500,13.2400,12.7100,9576086,123496223.0000,4.169900,SH,Up
2012-03-19,sh.600511,13.1500,13.5400,13.0400,13.3600,13.2400,10858718,144728163.0000,0.906300,LH,Up
2012-03-20,sh.600511,13.1200,13.4400,12.7700,12.7900,13.3600,7646038,99355330.0000,-4.266500,LL,Down
2012-03-22,sh.600511,12.7100,12.7600,12.4500,12.5100,12.7900,5771434,72358985.0000,-2.189200,LL,Down
2012-03-23,sh.600511,12.4200,12.6300,12.2400,12.4000,12.5100,6434969,80025626.0000,-0.879300,LL,Down
2012-03-26,sh.600511,12.4200,13.4900,12.3500,13.3800,12.4000,11704697,151020870.0000,7.903200,HH,Up
2012-03-27,sh.600511,13.1000,13.2600,12.4500,12.5000,13.3800,20581674,267049073.0000,-6.577000,LL,Down
2012-03-28,sh.600511,12.2500,12.3400,11.4600,11.7000,12.5000,9207109,109141298.0000,-6.400000,LL,Down
2012-03-29,sh.600511,11.5400,11.6500,11.1700,11.1800,11.7000,4524315,51581161.0000,-4.444400,LL,Down
2012-03-30,sh.600511,11.1800,11.3700,11.1000,11.2500,11.1800,2905098,32597984.0000,0.626100,SH,Up
2012-04-05,sh.600511,11.2500,11.6400,11.2200,11.5500,11.2500,4052256,46391793.0000,2.666700,SH,Up
2012-04-06,sh.600511,11.6000,11.6000,11.2600,11.3500,11.5500,4004704,45840515.0000,-1.731600,HL,Down
2012-04-09,sh.600511,11.3200,11.5500,11.2600,11.3700,11.3500,3246302,36980667.0000,0.176200,LH,Up
2012-04-10,sh.600511,11.2800,12.5100,11.0800,12.2900,11.3700,9432059,111498512.0000,8.091500,LH,Up
2012-04-11,sh.600511,12.0600,12.7500,11.8100,12.3200,12.2900,8351809,102163224.0000,0.244100,LH,Up
2012-04-12,sh.600511,12.3000,12.3900,12.0200,12.2100,12.3200,13961747,170254635.0000,-0.892900,LL,Down
2012-04-13,sh.600511,12.1500,12.3700,11.9900,12.0700,12.2100,7227487,87753890.0000,-1.146600,LL,Down
2012-04-16,sh.600511,12.0100,12.0700,11.8700,12.0100,12.0700,3250152,38894579.0000,-0.497100,LS,Down
2012-04-17,sh.600511,12.0100,12.2500,11.9000,12.1100,12.0100,5156443,62570903.0000,0.832600,SH,Up
2012-04-18,sh.600511,12.0700,12.3600,11.9500,12.3100,12.1100,5614323,68686534.0000,1.651500,LH,Up
2012-04-19,sh.600511,12.3100,12.6300,12.2700,12.4000,12.3100,5541365,69066938.0000,0.731100,SH,Up
2012-04-20,sh.600511,12.4200,12.5100,12.2200,12.5000,12.4000,3610753,44711808.0000,0.806500,HH,Up
2012-04-23,sh.600511,12.5900,12.6900,12.4300,12.5100,12.5000,6808546,85692116.0000,0.080000,HL,Up
2012-04-24,sh.600511,12.2900,12.4900,11.9500,12.4000,12.5100,5286410,64708715.0000,-0.879300,LH,Down
2012-04-25,sh.600511,12.3400,12.4400,12.1100,12.3500,12.4000,2687412,33060776.0000,-0.403200,LH,Down
2012-04-27,sh.600511,12.5800,12.5800,12.2000,12.3300,12.3500,2648457,32713529.0000,-0.161900,HL,Down
2012-05-02,sh.600511,12.4300,12.6800,12.3300,12.6100,12.3300,5299259,66176608.0000,2.270900,HH,Up
2012-05-03,sh.600511,12.5600,13.1400,12.5400,12.9800,12.6100,9651090,124757802.0000,2.934200,LH,Up
2012-05-04,sh.600511,12.9100,13.4000,12.8800,13.2900,12.9800,11216375,148443671.0000,2.388300,LH,Up
2012-05-07,sh.600511,13.2000,13.8600,13.1300,13.8300,13.2900,11177155,152194157.0000,4.063200,LH,Up
2012-05-08,sh.600511,13.8000,13.8400,13.5300,13.7300,13.8300,5410556,73915569.0000,-0.723100,LL,Down
2012-05-09,sh.600511,13.6400,13.6500,13.3100,13.3800,13.7300,5382178,72321748.0000,-2.549200,LL,Down
2012-05-10,sh.600511,13.2800,13.9900,13.2700,13.6600,13.3800,8121271,111387238.0000,2.092700,LH,Up
2012-05-11,sh.600511,13.6500,13.9700,13.4400,13.8400,13.6600,7766145,106414921.0000,1.317700,LH,Up
2012-05-14,sh.600511,13.9400,14.2900,13.6800,13.7800,13.8400,12936602,181022553.0000,-0.433500,HL,Down
2012-05-15,sh.600511,13.5100,14.1100,13.3800,14.0900,13.7800,6349500,87393576.0000,2.249600,LH,Up
2012-05-16,sh.600511,13.9500,14.5100,13.9500,13.9600,14.0900,6745558,96137602.0000,-0.922600,LH,Down
2012-05-17,sh.600511,13.9400,14.1400,13.7100,14.0900,13.9600,4467223,62168476.0000,0.931200,LH,Up
2012-05-18,sh.600511,13.8500,14.1000,13.6800,14.0000,14.0900,5233295,72948940.0000,-0.638800,LH,Down
2012-05-21,sh.600511,14.0200,14.0200,13.5600,13.7100,14.0000,3751364,51625945.0000,-2.071400,HL,Down
2012-05-22,sh.600511,13.7100,13.9600,13.6800,13.8200,13.7100,4143374,57368876.0000,0.802300,SH,Up
2012-05-23,sh.600511,13.7500,13.8200,13.4100,13.6000,13.8200,4028139,54710680.0000,-1.591900,LL,Down
2012-05-24,sh.600511,13.5700,13.6500,13.4800,13.6500,13.6000,2756855,37421500.0000,0.367600,LH,Up
2012-05-25,sh.600511,13.5600,13.6800,13.4500,13.5900,13.6500,2361032,31956218.0000,-0.439600,LH,Down
2012-05-28,sh.600511,13.4500,13.5000,13.0000,13.2000,13.5900,3907163,51622514.0000,-2.869800,LL,Down
2012-05-29,sh.600511,13.2700,13.4200,12.8800,13.3300,13.2000,4226638,55795011.0000,0.984800,HH,Up
2012-05-30,sh.600511,13.3300,13.4300,13.2500,13.3300,13.3300,1632434,21787082.0000,0.000000,SS,Smooth
2012-05-31,sh.600511,13.3300,13.7600,13.1400,13.6000,13.3300,6207628,83277797.0000,2.025500,SH,Up
2012-06-01,sh.600511,13.4900,14.0700,13.4600,14.0000,13.6000,5463366,75490317.0000,2.941200,LH,Up
2012-06-04,sh.600511,13.8500,14.3600,13.7000,13.9000,14.0000,6603047,93227702.0000,-0.714300,LH,Down
2012-06-05,sh.600511,13.8400,14.4800,13.7800,14.4200,13.9000,10945993,156478650.0000,3.741000,LH,Up
2012-06-06,sh.600511,14.3300,14.4300,14.0800,14.2200,14.4200,4898750,70033541.0000,-1.387000,LL,Down
2012-06-07,sh.600511,14.2300,14.4400,13.9200,13.9900,14.2200,3639388,51420397.0000,-1.617400,HL,Down
2012-06-08,sh.600511,14.0500,14.3700,13.7700,14.0200,13.9900,4411368,62242852.0000,0.214400,HL,Up
2012-06-11,sh.600511,14.0000,14.1700,13.9000,14.1000,14.0200,2690792,37742120.0000,0.570600,LH,Up
2012-06-12,sh.600511,14.0000,14.1000,13.9000,13.9900,14.1000,2771911,38741756.0000,-0.780100,LL,Down
2012-06-13,sh.600511,13.9500,14.3400,13.9300,14.3200,13.9900,3030573,42864517.0000,2.358800,LH,Up
2012-06-14,sh.600511,14.3000,14.4100,14.0100,14.0800,14.3200,2728846,38629265.0000,-1.676000,LL,Down
2012-06-15,sh.600511,14.1900,14.4600,14.0500,14.2600,14.0800,3065075,43762281.0000,1.278400,HH,Up
2012-06-18,sh.600511,14.2200,14.4800,14.0000,14.0200,14.2600,2990034,42561869.0000,-1.683000,LL,Down
2012-06-19,sh.600511,13.9700,14.2000,13.8800,13.9300,13.9600,2700898,37865464.0000,-0.214900,HL,Down
2012-06-20,sh.600511,13.9800,14.0600,13.4000,13.5100,13.9300,4536059,61583855.0000,-3.015100,HL,Down
2012-06-21,sh.600511,13.5100,13.5100,13.0600,13.3800,13.5100,4226451,55831670.0000,-0.962300,SL,Down
2012-06-25,sh.600511,13.1700,13.4000,13.1000,13.2400,13.3800,2504319,33218418.0000,-1.046300,LH,Down
2012-06-26,sh.600511,13.1400,13.4500,12.8300,13.3300,13.2400,1967203,25798571.0000,0.679800,LH,Up
2012-06-27,sh.600511,13.3300,13.7900,13.2200,13.7800,13.3300,4685768,63952478.0000,3.375800,SH,Up
2012-06-28,sh.600511,13.7500,14.0800,13.7100,13.7500,13.7800,3445958,47887850.0000,-0.217700,LS,Down
2012-06-29,sh.600511,13.7500,14.0300,13.6500,14.0000,13.7500,1485284,20524636.0000,1.818200,SH,Up
2012-07-02,sh.600511,14.0900,14.4200,14.0000,14.4100,14.0000,5855201,83045484.0000,2.928600,HH,Up
2012-07-03,sh.600511,14.4800,14.6700,14.1000,14.1900,14.4100,3089260,44348802.0000,-1.526700,HL,Down
2012-07-04,sh.600511,14.3000,14.3000,13.6900,13.8400,14.1900,1823394,25360154.0000,-2.466500,HL,Down
2012-07-05,sh.600511,13.6800,13.8000,13.5100,13.7500,13.8400,1453147,19815067.0000,-0.650300,LH,Down
2012-07-06,sh.600511,13.7600,14.3000,13.5900,14.2500,13.7500,2893400,40742736.0000,3.636400,HH,Up
2012-07-09,sh.600511,14.2200,14.3800,13.9000,14.1200,14.2500,4631775,65550736.0000,-0.912300,LL,Down
2012-07-10,sh.600511,13.9700,14.2500,13.4700,14.0900,14.1200,4216142,58208349.0000,-0.212500,LH,Down
2012-07-11,sh.600511,14.0000,14.5600,13.9700,14.5300,14.0900,5168887,74429156.0000,3.122800,LH,Up
2012-07-12,sh.600511,14.5000,15.3000,14.4000,14.9400,14.5300,8576807,128224329.0000,2.821700,LH,Up
2012-07-13,sh.600511,14.8900,15.1800,14.5100,15.1300,14.9400,3162048,47015699.0000,1.271800,LH,Up
2012-07-16,sh.600511,15.1900,15.1900,14.3600,14.5900,15.1300,4156354,61264512.0000,-3.569100,HL,Down
2012-07-17,sh.600511,14.3900,14.6500,14.1500,14.4900,14.5900,1480325,21295629.0000,-0.685400,LH,Down
2012-07-18,sh.600511,14.5300,14.5300,14.0600,14.2200,14.4900,2019625,28773192.0000,-1.863400,HL,Down
2012-07-19,sh.600511,14.2000,14.4500,14.1000,14.2000,14.2200,3761512,53562124.0000,-0.140600,LS,Down
2012-07-20,sh.600511,14.1000,14.5900,14.1000,14.3700,14.2000,3941434,56673810.0000,1.197200,LH,Up
2012-07-23,sh.600511,14.3200,14.7300,14.1600,14.6300,14.3700,2923169,42379940.0000,1.809300,LH,Up
2012-07-24,sh.600511,14.5200,14.6200,14.2800,14.4500,14.6300,2098075,30314357.0000,-1.230300,LL,Down
2012-07-25,sh.600511,14.4700,14.7600,14.3500,14.5400,14.4500,3738531,54362584.0000,0.622800,HH,Up
2012-07-26,sh.600511,14.5000,14.6700,14.1500,14.3400,14.5400,2718962,39319327.0000,-1.375500,LL,Down
2012-07-27,sh.600511,14.2200,14.3300,13.8600,14.0400,14.3400,2920554,41033654.0000,-2.092100,LL,Down
2012-07-30,sh.600511,13.9200,13.9700,13.6500,13.8000,14.0400,1596921,22058139.0000,-1.709400,LL,Down
2012-07-31,sh.600511,13.7000,13.9000,13.7000,13.7900,13.8000,952975,13118243.0000,-0.072500,LH,Down
2012-08-01,sh.600511,13.7000,14.1900,13.6800,14.0300,13.7900,900415,12609163.0000,1.740400,LH,Up
2012-08-02,sh.600511,14.0200,14.3000,13.5000,13.9300,14.0300,2654563,36811428.0000,-0.712800,LL,Down
2012-08-03,sh.600511,13.9000,14.2900,13.8000,14.2100,13.9300,1404585,19864978.0000,2.010100,LH,Up
2012-08-06,sh.600511,14.1000,14.6400,14.1000,14.6000,14.2100,2406681,34911689.0000,2.744500,LH,Up
2012-08-07,sh.600511,14.6300,14.6500,14.4300,14.5800,14.6000,2244335,32529877.0000,-0.137000,HL,Down
2012-08-08,sh.600511,14.6000,14.6100,14.1800,14.2800,14.5800,2136923,30775762.0000,-2.057600,HL,Down
2012-08-09,sh.600511,14.2300,14.7000,14.2300,14.7000,14.2800,2097988,30457048.0000,2.941200,LH,Up
2012-08-10,sh.600511,14.7000,15.1200,14.5200,14.9600,14.7000,3780426,56288541.0000,1.768700,SH,Up
2012-08-13,sh.600511,14.9600,14.9600,14.4300,14.4900,14.9600,3625899,53416632.0000,-3.141700,SL,Down
2012-08-14,sh.600511,14.5100,15.1000,14.5100,15.0800,14.4900,5118347,76079349.0000,4.071800,HH,Up
2012-08-15,sh.600511,15.0400,15.1200,14.8500,14.9600,15.0800,1650297,24754083.0000,-0.795800,LL,Down
2012-08-16,sh.600511,14.9600,15.0400,14.5300,14.7100,14.9600,1638858,24139839.0000,-1.671100,SL,Down
2012-08-17,sh.600511,14.7800,14.9500,14.5800,14.9300,14.7100,1739890,25703958.0000,1.495600,HH,Up
2012-08-20,sh.600511,14.9000,14.9100,14.5100,14.7200,14.9300,1230643,18000535.0000,-1.406600,LL,Down
2012-08-21,sh.600511,14.6900,15.3000,14.5200,15.2500,14.7200,3752409,56737060.0000,3.600500,LH,Up
2012-08-22,sh.600511,15.1700,15.2900,14.9600,15.0200,15.2500,2003985,30283252.0000,-1.508200,LL,Down
2012-08-23,sh.600511,14.7900,15.1900,14.5400,14.7300,15.0200,2479445,36735675.0000,-1.930800,LL,Down
2012-08-24,sh.600511,14.6900,14.8400,14.5300,14.7300,14.7300,1601596,23515235.0000,0.000000,LH,Smooth
2012-08-27,sh.600511,14.7000,14.7600,14.2400,14.2900,14.7300,1801228,25956120.0000,-2.987100,LL,Down
2012-08-28,sh.600511,14.2100,14.4400,14.1500,14.3100,14.2900,938002,13374054.0000,0.140000,LH,Up
2012-08-29,sh.600511,14.3500,14.5200,14.2000,14.4900,14.3100,1043119,14973236.0000,1.257900,HH,Up
2012-08-30,sh.600511,14.5800,14.5900,13.6600,13.8300,14.4900,2104175,29481600.0000,-4.554864,HL,Down
2012-08-31,sh.600511,13.8300,13.9600,13.4200,13.8900,13.8300,1608344,21966526.0000,0.433800,SH,Up
2012-09-03,sh.600511,13.7900,14.0800,13.5700,14.0400,13.8900,1218007,16978695.0000,1.079900,LH,Up
2012-09-04,sh.600511,14.0000,14.3100,14.0000,14.0700,14.0400,1657332,23448965.0000,0.213700,LH,Up
2012-09-05,sh.600511,14.0100,14.2000,13.9000,14.1600,14.0700,1111879,15637540.0000,0.639700,LH,Up
2012-09-06,sh.600511,14.2000,14.4200,14.0600,14.3900,14.1600,1283169,18330600.0000,1.624300,HH,Up
2012-09-07,sh.600511,14.4500,14.8700,14.3900,14.6600,14.3900,3409276,49866054.0000,1.876300,HH,Up
2012-09-10,sh.600511,14.5900,14.6800,14.2900,14.4100,14.6600,2497993,36097625.0000,-1.705300,LL,Down
2012-09-11,sh.600511,14.3500,14.6500,14.2500,14.6200,14.4100,1719985,24907980.0000,1.457300,LH,Up
2012-09-12,sh.600511,14.6000,14.6600,14.2800,14.5500,14.6200,1487227,21455302.0000,-0.478800,LL,Down
2012-09-13,sh.600511,14.5400,14.5600,14.3400,14.4000,14.5500,1061339,15311091.0000,-1.030900,LL,Down
2012-09-14,sh.600511,14.4300,14.5200,13.9500,14.0100,14.4000,3658272,51705585.0000,-2.708300,HL,Down
2012-09-17,sh.600511,14.0500,14.0700,13.7800,13.7800,14.0100,1423994,19763256.0000,-1.641700,HL,Down
2012-09-18,sh.600511,13.7000,14.0100,13.7000,13.8500,13.7800,974342,13531958.0000,0.508000,LH,Up
2012-09-19,sh.600511,13.9300,14.2700,13.8600,14.2200,13.8500,1245978,17616281.0000,2.671500,HH,Up
2012-09-20,sh.600511,14.2200,14.2200,13.9100,13.9700,14.2200,911709,12777852.0000,-1.758100,SL,Down
2012-09-21,sh.600511,13.9500,14.0500,13.8100,13.9000,13.9700,632727,8796499.0000,-0.501100,LL,Down
2012-09-24,sh.600511,13.7400,14.0500,13.7400,13.9800,13.9000,383194,5332621.0000,0.575500,LH,Up
2012-09-25,sh.600511,13.9800,14.2000,13.8000,14.1300,13.9800,903064,12746107.0000,1.073000,SH,Up
2012-09-26,sh.600511,14.1100,14.1100,13.5000,13.9900,14.1300,862389,11918609.0000,-0.990800,LL,Down
2012-09-27,sh.600511,13.9000,14.1500,13.8100,14.0100,13.9900,1067999,14941350.0000,0.143000,LH,Up
2012-09-28,sh.600511,14.0300,14.2000,13.9000,14.1600,14.0100,1242459,17454785.0000,1.070700,HH,Up
2012-10-08,sh.600511,14.1600,14.1600,13.9300,13.9900,14.1600,496045,6962572.0000,-1.200600,SL,Down
2012-10-09,sh.600511,14.0900,14.3200,13.9600,14.2900,13.9900,1256679,17886657.0000,2.144400,HH,Up
2012-10-10,sh.600511,14.2500,14.4500,14.1300,14.4300,14.2900,1431510,20422198.0000,0.979700,LH,Up
2012-10-11,sh.600511,14.4000,14.5400,14.2700,14.3400,14.4300,997307,14381797.0000,-0.623700,LL,Down
2012-10-12,sh.600511,14.3000,14.4300,13.9200,13.9800,14.3400,1387011,19482235.0000,-2.510500,LL,Down
2012-10-15,sh.600511,13.9800,14.0800,13.6400,14.0500,13.9800,996871,13797063.0000,0.500700,SH,Up
2012-10-16,sh.600511,14.0500,14.6000,14.0100,14.5700,14.0500,2991154,43193662.0000,3.701100,SH,Up
2012-10-17,sh.600511,14.5800,14.6200,14.3100,14.4300,14.5700,1201346,17330708.0000,-0.960900,HL,Down
2012-10-18,sh.600511,14.4900,14.5600,14.3800,14.5000,14.4300,2516563,36477524.0000,0.485100,HH,Up
2012-10-19,sh.600511,14.5500,14.5600,14.3100,14.3600,14.5000,1609888,23240747.0000,-0.965520,HL,Down
2012-10-22,sh.600511,14.3600,14.7900,14.3000,14.7200,14.3600,2865901,41978486.0000,2.507000,SH,Up
2012-10-23,sh.600511,14.6300,14.8000,14.2400,14.4100,14.7200,2692604,39045127.0000,-2.106000,LL,Down
2012-10-24,sh.600511,14.4500,14.4500,13.9400,14.2900,14.4100,2204032,31214779.0000,-0.832800,HL,Down
2012-10-25,sh.600511,14.3600,14.4500,13.9100,14.1300,14.2900,1750744,24725002.0000,-1.119700,HL,Down
2012-10-26,sh.600511,14.0800,14.0800,13.6600,13.8500,14.1300,2810865,38813728.0000,-1.981600,LL,Down
2012-10-29,sh.600511,13.6500,14.0500,13.6200,13.8900,13.8500,941659,13133168.0000,0.288800,LH,Up
2012-10-30,sh.600511,13.9800,14.0700,13.6800,13.8800,13.8900,1085808,15067100.0000,-0.072000,HL,Down
2012-10-31,sh.600511,13.8700,13.8700,13.6000,13.7200,13.8800,1767108,24160106.0000,-1.152700,LL,Down
2012-11-01,sh.600511,13.7700,14.3100,13.7500,14.3000,13.7200,4456277,62936427.0000,4.227400,HH,Up
2012-11-02,sh.600511,14.2900,14.3500,14.1900,14.3000,14.3000,1824097,25980283.0000,0.000000,LH,Smooth
2012-11-05,sh.600511,14.2900,14.3900,14.1200,14.2800,14.3000,1363655,19377735.0000,-0.139900,LL,Down
2012-11-06,sh.600511,14.2700,14.3000,14.0100,14.1500,14.2800,2212007,31210467.0000,-0.910400,LL,Down
2012-11-07,sh.600511,14.1300,14.1400,13.8700,14.1100,14.1500,1453190,20295529.0000,-0.282700,LL,Down
2012-11-08,sh.600511,13.9200,14.1000,13.7200,13.8500,14.1100,920713,12748528.0000,-1.842700,LL,Down
2012-11-09,sh.600511,13.8300,14.1700,13.6300,13.8400,13.8500,1825381,25024800.0000,-0.072200,LH,Down
2012-11-12,sh.600511,13.8000,13.8500,13.6000,13.8300,13.8400,1822459,24991093.0000,-0.072300,LH,Down
2012-11-13,sh.600511,13.6800,13.7900,13.4000,13.6100,13.8300,2355444,31971911.0000,-1.590700,LL,Down
2012-11-14,sh.600511,13.6100,13.6800,13.4300,13.6600,13.6100,1101324,14950349.0000,0.367400,SH,Up
2012-11-15,sh.600511,13.6500,13.7100,13.3800,13.4100,13.6600,559181,7609331.0000,-1.830200,LL,Down
2012-11-16,sh.600511,13.4800,13.5400,12.8300,13.1900,13.4100,2353285,30860262.0000,-1.640600,HL,Down
2012-11-19,sh.600511,13.2100,13.3300,13.0000,13.3000,13.1900,524704,6910534.0000,0.834000,HH,Up
2012-11-20,sh.600511,13.2000,13.3600,13.2000,13.3000,13.3000,171701,2279851.0000,0.000000,LH,Smooth
2012-11-21,sh.600511,13.3900,13.3900,13.1400,13.3000,13.3000,1081996,14346211.0000,0.000000,HL,Smooth
2012-11-22,sh.600511,13.3100,13.3100,13.1100,13.2600,13.3000,1044122,13792105.0000,-0.300800,HL,Down
2012-11-23,sh.600511,13.2600,13.3000,13.1700,13.2100,13.2600,970975,12864622.0000,-0.377100,SL,Down
2012-11-26,sh.600511,13.0000,13.1700,12.9900,13.1000,13.2100,654389,8552036.0000,-0.832700,LH,Down
2012-11-27,sh.600511,13.0900,13.0900,12.7000,12.8500,13.1000,1605866,20710886.0000,-1.908400,LL,Down
2012-11-28,sh.600511,12.8000,12.8000,12.4000,12.7400,12.8500,1114043,14092248.0000,-0.856000,LL,Down
2012-11-29,sh.600511,12.5200,12.7400,12.4200,12.4900,12.7400,760098,9543536.0000,-1.962300,LL,Down
2012-11-30,sh.600511,12.4300,12.8000,12.4000,12.5600,12.4900,2478579,31193841.0000,0.560400,LH,Up
2012-12-03,sh.600511,12.6200,12.8000,12.5600,12.7000,12.5600,1838338,23376146.0000,1.114600,HH,Up
2012-12-04,sh.600511,12.7000,12.8800,12.5000,12.8400,12.7000,1051635,13335720.0000,1.102400,SH,Up
2012-12-05,sh.600511,12.7300,13.3500,12.7300,13.2100,12.8400,2139924,28124334.0000,2.881600,LH,Up
2012-12-06,sh.600511,13.1000,13.3000,12.8800,13.1500,13.2100,2095476,27333674.0000,-0.454200,LH,Down
2012-12-07,sh.600511,13.0000,13.5900,12.9900,13.5500,13.1500,2505086,33558132.0000,3.041800,LH,Up
2012-12-10,sh.600511,13.4500,13.6800,13.3800,13.5700,13.5500,1811129,24525709.0000,0.147600,LH,Up
2012-12-11,sh.600511,13.5000,13.6900,13.3500,13.3800,13.5700,692909,9321296.0000,-1.400100,LL,Down
2012-12-12,sh.600511,13.3800,13.5500,13.1800,13.3900,13.3800,1503708,20095027.0000,0.074700,SH,Up
2012-12-13,sh.600511,13.4100,13.5000,13.2800,13.3900,13.3900,1015617,13565557.0000,0.000000,HL,Smooth
2012-12-14,sh.600511,13.1600,13.9000,13.1600,13.8900,13.3900,3083617,42201305.0000,3.734100,LH,Up
2012-12-17,sh.600511,13.8900,13.9600,13.3200,13.5400,13.8900,3226784,43719730.0000,-2.519800,SL,Down
2012-12-18,sh.600511,13.4600,13.4900,13.2700,13.4000,13.5400,2273097,30386928.0000,-1.034000,LL,Down
2012-12-19,sh.600511,13.4600,13.4600,13.1600,13.2200,13.4000,2665622,35268187.0000,-1.343300,HL,Down
2012-12-20,sh.600511,13.2300,13.2700,13.0800,13.1700,13.2200,1549976,20418640.0000,-0.378200,HL,Down
2012-12-21,sh.600511,13.1800,13.5000,13.1300,13.4400,13.1700,4107502,54646718.0000,2.050100,HH,Up
2012-12-24,sh.600511,13.4000,13.5600,13.2100,13.3700,13.4400,2371221,31664510.0000,-0.520800,LL,Down
2012-12-25,sh.600511,13.3500,13.8000,13.2800,13.7100,13.3700,4832629,65854211.0000,2.543000,LH,Up
2012-12-26,sh.600511,13.7000,13.7200,13.5000,13.6800,13.7100,3465978,47276953.0000,-0.218800,LL,Down
2012-12-27,sh.600511,13.7500,14.0500,13.6600,13.9300,13.6800,5653519,78509492.0000,1.827500,HH,Up
2012-12-28,sh.600511,13.8100,14.5500,13.7800,14.3500,13.9300,6346371,90729007.0000,3.015100,LH,Up
2012-12-31,sh.600511,14.3000,14.6500,14.1500,14.5700,14.3500,4076851,58721551.0000,1.533100,LH,Up
2013-01-04,sh.600511,14.6200,14.6800,13.8600,14.0400,14.5700,4990342,70224288.0000,-3.637600,HL,Down
2013-01-07,sh.600511,14.0400,14.4100,13.9500,14.3800,14.0400,3215170,45671685.0000,2.421700,SH,Up
2013-01-08,sh.600511,14.7200,15.8200,14.7200,15.8200,14.3800,11726189,184134181.0000,10.013900,HH,Up
2013-01-09,sh.600511,16.2500,16.7800,16.0300,16.0900,15.8200,13579778,222260475.0000,1.706700,HL,Up
2013-01-10,sh.600511,15.9300,16.4300,15.9300,16.4200,16.0900,4829715,78122220.0000,2.051000,LH,Up
2013-01-11,sh.600511,16.4200,16.7000,16.1100,16.2500,16.4200,4287351,70595241.0000,-1.035300,SL,Down
2013-01-14,sh.600511,16.2100,17.6000,16.2100,17.3200,16.2500,7718562,130985383.0000,6.584600,LH,Up
2013-01-15,sh.600511,17.2500,17.7500,17.0300,17.3800,17.3200,6372399,111480915.0000,0.346400,LH,Up
2013-01-16,sh.600511,17.3000,17.7000,16.9500,17.5300,17.3800,5290659,91537302.0000,0.863100,LH,Up
2013-01-17,sh.600511,17.4100,17.5800,17.1400,17.2700,17.5300,2953644,50892776.0000,-1.483200,LL,Down
2013-01-18,sh.600511,17.2000,17.7000,16.7800,17.6300,17.2700,6123804,105130148.0000,2.084500,LH,Up
2013-01-21,sh.600511,17.4800,17.6800,17.0500,17.3500,17.6300,4398848,76090392.0000,-1.588200,LL,Down
2013-01-22,sh.600511,17.2000,17.2900,16.8000,16.9800,17.3500,1778553,30324965.0000,-2.132600,LL,Down
2013-01-23,sh.600511,16.9100,17.1700,16.7000,17.1400,16.9800,3080393,52043067.0000,0.942300,LH,Up
2013-01-24,sh.600511,17.0000,17.5100,16.8000,16.8000,17.1400,2572916,44068876.0000,-1.983700,LL,Down
2013-01-25,sh.600511,16.8000,17.3000,16.6800,17.2000,16.8000,3201922,54813283.0000,2.381000,SH,Up
2013-01-28,sh.600511,17.1400,18.2800,17.0200,18.1900,17.2000,4435643,79490881.0000,5.755800,LH,Up
2013-01-29,sh.600511,18.1900,18.3700,17.7700,17.8100,18.1900,4070924,73355240.0000,-2.089100,SL,Down
2013-01-30,sh.600511,17.7000,18.0800,17.5500,17.9000,17.8100,3082472,54833015.0000,0.505300,LH,Up
2013-01-31,sh.600511,17.8600,17.8600,17.4500,17.7900,17.9000,1700311,30010075.0000,-0.614500,LL,Down
2013-02-01,sh.600511,17.7000,17.7500,17.3300,17.6900,17.7900,3055049,53603303.0000,-0.562100,LL,Down
2013-02-04,sh.600511,17.5100,17.6500,16.9600,17.2000,17.6900,3766375,64702555.0000,-2.769900,LL,Down
2013-02-05,sh.600511,17.2000,17.3100,16.8900,17.0900,17.2000,2539262,43255292.0000,-0.639500,SL,Down
2013-02-06,sh.600511,17.0900,17.6500,17.0400,17.4700,17.0900,2942723,50808200.0000,2.223500,SH,Up
2013-02-07,sh.600511,17.4500,18.3500,17.3000,18.2500,17.4700,3830472,68737449.0000,4.464800,LH,Up
2013-02-08,sh.600511,18.1500,19.4400,18.1500,18.8100,18.2500,3853824,72336826.0000,3.068500,LH,Up
2013-02-18,sh.600511,18.8100,20.0300,18.7100,19.2600,18.8100,5776478,113225593.0000,2.392300,SH,Up
2013-02-19,sh.600511,19.1600,19.6500,18.8600,18.8800,19.2600,3323149,64179759.0000,-1.973000,LL,Down
2013-02-20,sh.600511,19.0500,19.9900,18.8100,19.8100,18.8800,3041101,59432842.0000,4.925800,HH,Up
2013-02-21,sh.600511,19.8900,19.9600,18.9900,19.5000,19.8100,3734689,72889922.0000,-1.564900,HL,Down
2013-02-22,sh.600511,19.3800,19.7900,19.1000,19.2500,19.5000,1626814,31481702.0000,-1.282100,LL,Down
2013-02-25,sh.600511,19.1900,19.7500,19.1100,19.5300,19.2500,2287575,44492021.0000,1.454500,LH,Up
2013-02-26,sh.600511,19.4600,20.3000,19.4200,20.0300,19.5300,3476387,69648376.0000,2.560200,LH,Up
2013-02-27,sh.600511,20.0000,20.0300,18.9000,19.9300,20.0300,3995109,77379115.0000,-0.499300,LL,Down
2013-02-28,sh.600511,19.8100,19.8100,19.0800,19.4700,19.9300,3501885,67708178.0000,-2.308100,LL,Down
2013-03-01,sh.600511,19.3300,19.6200,18.5100,19.3400,19.4700,4871811,93407311.0000,-0.667700,LH,Down
2013-03-04,sh.600511,19.3000,19.3000,18.0100,18.5300,19.3400,4200616,78520275.0000,-4.188200,LL,Down
2013-03-05,sh.600511,18.4000,19.5300,18.3200,19.4600,18.5300,3767288,71406560.0000,5.018900,LH,Up
2013-03-06,sh.600511,19.4600,19.8100,18.8500,19.0000,19.4600,3564508,68150293.0000,-2.363800,SL,Down
2013-03-07,sh.600511,18.9900,19.0300,17.9700,18.1600,19.0000,4170652,76061737.0000,-4.421100,LL,Down
2013-03-08,sh.600511,18.2700,18.2700,17.4500,17.5900,18.1600,3193911,56345866.0000,-3.138800,HL,Down
2013-03-11,sh.600511,17.7500,17.9700,17.4500,17.5300,17.5900,3165478,56091559.0000,-0.341100,HL,Down
2013-03-12,sh.600511,17.5600,17.7700,16.8000,17.3500,17.5300,4465259,76573889.0000,-1.026800,HL,Down
2013-03-13,sh.600511,17.2900,17.5900,17.1000,17.3700,17.3500,1496230,26066034.0000,0.115300,LH,Up
2013-03-14,sh.600511,17.4200,17.8000,17.3000,17.7100,17.3700,1726584,30430474.0000,1.957400,HH,Up
2013-03-15,sh.600511,17.7100,18.0700,17.3500,17.6200,17.7100,2007997,35592144.0000,-0.508200,SL,Down
2013-03-18,sh.600511,17.6000,18.2500,17.5600,18.0200,17.6200,2984064,53706128.0000,2.270100,LH,Up
2013-03-19,sh.600511,18.0000,18.0400,17.2200,17.6400,18.0200,3403754,59790688.0000,-2.108800,LL,Down
2013-03-20,sh.600511,17.6800,18.4200,17.6600,18.2900,17.6400,3970520,71842600.0000,3.684800,HH,Up
2013-03-21,sh.600511,18.2900,18.5400,18.1500,18.5100,18.2900,2051915,37781384.0000,1.202800,SH,Up
2013-03-22,sh.600511,18.5100,19.3400,18.5000,19.1200,18.5100,4510121,86257424.0000,3.295500,SH,Up
2013-03-25,sh.600511,19.1200,19.2800,18.8800,19.1000,19.1200,958241,18225564.0000,-0.104600,SL,Down
2013-03-26,sh.600511,19.1100,19.1100,18.4400,18.8000,19.1000,890929,16668288.0000,-1.570700,HL,Down
2013-03-27,sh.600511,18.8000,19.0800,18.6500,19.0100,18.8000,1370206,25932220.0000,1.117000,SH,Up
2013-03-28,sh.600511,18.8800,18.9200,18.4100,18.6000,19.0100,1611559,30134910.0000,-2.156800,LL,Down
2013-03-29,sh.600511,18.5700,18.6800,17.6900,17.9900,18.6000,3098414,55878784.0000,-3.279600,LL,Down
2013-04-01,sh.600511,18.0000,18.3500,17.6700,17.8900,17.9900,3213897,57695108.0000,-0.555900,HL,Down
2013-04-02,sh.600511,18.0000,18.2900,17.4800,17.6700,17.8900,2921877,52523780.0000,-1.229700,HL,Down
2013-04-03,sh.600511,17.6700,17.8900,17.2000,17.3500,17.6700,3683053,63944164.0000,-1.811000,SL,Down
2013-04-08,sh.600511,17.3800,17.9900,17.2500,17.7100,17.3500,2227852,39461156.0000,2.074900,HH,Up
2013-04-09,sh.600511,17.8500,17.8500,17.0200,17.2000,17.7100,2261735,38996500.0000,-2.879700,HL,Down
2013-04-10,sh.600511,17.2000,17.2900,16.6500,16.7500,17.2000,2043032,34281244.0000,-2.616300,SL,Down
2013-04-11,sh.600511,16.7800,16.9800,16.5000,16.5700,16.7500,2998668,49901928.0000,-1.074600,HL,Down
2013-04-12,sh.600511,16.5500,16.9300,16.4800,16.8100,16.5700,1162766,19445156.0000,1.448399,LH,Up
2013-04-15,sh.600511,16.8500,16.9800,16.4000,16.8100,16.8100,1325436,22082412.0000,0.000000,HL,Smooth
2013-04-16,sh.600511,16.6200,16.7800,16.0500,16.2600,16.8100,3071025,50039800.0000,-3.271858,LL,Down
2013-04-17,sh.600511,16.2200,16.6000,16.2100,16.5100,16.2600,2588592,42425888.0000,1.537500,LH,Up
2013-04-18,sh.600511,16.4000,16.9000,16.4000,16.6000,16.5100,1959386,32694804.0000,0.545100,LH,Up
2013-04-19,sh.600511,16.5900,17.2200,16.5000,17.1300,16.6000,1406898,23890212.0000,3.192764,LH,Up
2013-04-22,sh.600511,17.1500,17.5500,17.0100,17.4000,17.1300,2186605,37868912.0000,1.576200,HH,Up
2013-04-23,sh.600511,17.5000,17.5000,16.9000,17.2800,17.4000,2500690,43136128.0000,-0.689600,HL,Down
2013-04-24,sh.600511,17.2900,17.4800,16.8600,17.3600,17.2800,3981872,67856512.0000,0.463000,HH,Up
2013-04-25,sh.600511,17.1500,17.2600,17.0000,17.1700,17.3600,1490744,25573410.0000,-1.094500,LH,Down
2013-04-26,sh.600511,17.1700,17.8500,17.0200,17.1700,17.1700,1568244,27152656.0000,0.000000,SS,Smooth
2013-05-02,sh.600511,17.1300,17.1500,16.5900,16.9400,17.1700,1622757,27177870.0000,-1.339500,LL,Down
2013-05-03,sh.600511,16.9200,17.3000,16.7000,17.2700,16.9400,3099398,53020600.0000,1.948052,LH,Up
2013-05-06,sh.600511,17.4800,17.8100,17.0700,17.7900,17.2700,2727184,47799784.0000,3.011000,HH,Up
2013-05-07,sh.600511,17.8400,17.8400,17.5200,17.5800,17.7900,1590548,27986656.0000,-1.180400,HL,Down
2013-05-08,sh.600511,17.6900,18.3200,17.3800,18.3000,17.5800,3106083,56080068.0000,4.095600,HH,Up
2013-05-09,sh.600511,18.2900,18.4900,18.1000,18.2700,18.3000,1588523,29062130.0000,-0.163900,LL,Down
2013-05-10,sh.600511,18.4500,18.4800,17.6500,17.8500,18.2700,1710776,30660196.0000,-2.298900,HL,Down
2013-05-13,sh.600511,17.8500,17.8500,17.5300,17.5800,17.8500,1171944,20645932.0000,-1.512600,SL,Down
2013-05-14,sh.600511,17.5300,17.7000,17.2500,17.4700,17.5800,1194240,20808518.0000,-0.625700,LL,Down
2013-05-15,sh.600511,17.4100,17.8800,17.3300,17.8600,17.4700,1017749,17993704.0000,2.232400,LH,Up
2013-05-16,sh.600511,17.8000,17.8400,17.0400,17.1600,17.8600,5163374,90211272.0000,-3.919400,LL,Down
2013-05-17,sh.600511,17.1600,17.2500,16.7000,17.0500,17.1600,6732554,113990632.0000,-0.641000,SL,Down
2013-05-20,sh.600511,16.9800,16.9900,15.7000,16.3300,17.0500,13312227,214285776.0000,-4.222900,LL,Down
2013-05-21,sh.600511,16.1700,17.0000,15.9700,16.9200,16.3300,9349833,154053088.0000,3.612983,LH,Up
2013-05-22,sh.600511,16.8500,17.1300,16.5600,16.6900,16.9200,5311919,89571976.0000,-1.359300,LL,Down
2013-05-23,sh.600511,16.6000,16.7300,16.3300,16.5200,16.6900,3270647,54137144.0000,-1.018600,LL,Down
2013-05-24,sh.600511,16.6000,16.6800,16.3000,16.5200,16.5200,2733036,44953144.0000,0.000000,HL,Smooth
2013-05-27,sh.600511,16.5200,16.8500,16.4000,16.8400,16.5200,3026127,50367000.0000,1.937000,SH,Up
2013-05-28,sh.600511,16.8800,17.5900,16.7600,17.2900,16.8400,5991911,103101272.0000,2.672200,HH,Up
2013-05-29,sh.600511,17.2900,17.3700,17.0000,17.3300,17.2900,2652896,45762328.0000,0.231300,SH,Up
2013-05-30,sh.600511,17.2900,17.9000,17.2000,17.6600,17.3300,5704201,100734904.0000,1.904200,LH,Up
2013-05-31,sh.600511,17.6700,18.2000,17.6700,17.9000,17.6600,4978944,89597776.0000,1.359002,HH,Up
2013-06-03,sh.600511,17.9500,18.1200,17.1700,17.2600,17.9000,6014579,105165856.0000,-3.575400,HL,Down
2013-06-04,sh.600511,17.1700,17.2600,16.4800,16.8900,17.2600,5219404,87382128.0000,-2.143700,LL,Down
2013-06-05,sh.600511,16.7900,16.8000,16.5300,16.7000,16.8900,3108770,51827716.0000,-1.124900,LL,Down
2013-06-06,sh.600511,16.5500,16.7500,16.3800,16.5000,16.7000,2235247,37051504.0000,-1.197600,LL,Down
2013-06-07,sh.600511,16.5100,16.6500,15.9800,16.1700,16.5000,3927081,63612008.0000,-2.000000,HL,Down
2013-06-13,sh.600511,16.0000,16.2100,15.5800,16.0600,16.1700,4192354,66722420.0000,-0.680300,LH,Down
2013-06-14,sh.600511,16.0600,16.1700,15.9500,16.1600,16.0600,3657028,58749960.0000,0.622700,SH,Up
2013-06-17,sh.600511,16.1900,16.2400,15.7500,16.0200,16.1600,2605073,41446652.0000,-0.866300,HL,Down
2013-06-18,sh.600511,16.0200,16.1400,15.8800,16.1200,16.0200,1143977,18316548.0000,0.624200,SH,Up
2013-06-19,sh.600511,15.9600,16.0500,15.7000,15.9300,15.9000,1100946,17460328.0000,0.188700,HL,Up
2013-06-20,sh.600511,15.9000,16.1300,15.5500,15.8000,15.9300,1780349,28099012.0000,-0.816100,LL,Down
2013-06-21,sh.600511,15.5000,15.8700,15.3000,15.8200,15.8000,786646,12305497.0000,0.126600,LH,Up
2013-06-24,sh.600511,15.8200,15.8200,14.7400,14.9600,15.8200,1516810,23141464.0000,-5.436200,SL,Down
2013-06-25,sh.600511,14.9600,14.9600,13.6100,14.4300,14.9600,4695903,66830192.0000,-3.542800,SL,Down
2013-06-26,sh.600511,14.4600,14.9500,14.3900,14.5800,14.4300,2369380,34752752.0000,1.039500,HH,Up
2013-06-27,sh.600511,14.5800,14.7400,13.8500,14.1100,14.5800,3977972,57168128.0000,-3.223600,SL,Down
2013-06-28,sh.600511,14.1000,14.4000,13.8500,14.3400,14.1100,6966230,98105936.0000,1.630000,LH,Up
2013-07-01,sh.600511,14.2800,14.5500,13.9100,14.5000,14.3400,3290344,46720492.0000,1.115800,LH,Up
2013-07-02,sh.600511,14.4700,14.8600,13.9000,14.7100,14.5000,5271262,76116416.0000,1.448300,LH,Up
2013-07-03,sh.600511,14.5100,14.6900,14.3200,14.5600,14.7100,3339030,48472296.0000,-1.019700,LH,Down
2013-07-04,sh.600511,14.4200,14.8200,14.2200,14.6000,14.5600,1934789,28117534.0000,0.274700,LH,Up
2013-07-05,sh.600511,14.5400,14.7500,14.3600,14.5100,14.6000,1870971,27159636.0000,-0.616400,LL,Down
2013-07-08,sh.600511,14.4000,14.5900,14.0500,14.2100,14.5100,1736356,24877884.0000,-2.067500,LL,Down
2013-07-09,sh.600511,14.1700,14.3900,14.1300,14.2500,14.2100,1544757,22018926.0000,0.281500,LH,Up
2013-07-10,sh.600511,14.3900,14.7800,14.2500,14.6600,14.2500,1583734,23061240.0000,2.877200,HH,Up
2013-07-11,sh.600511,14.6800,15.1800,14.6100,15.0300,14.6600,2364262,35214016.0000,2.523900,HH,Up
2013-07-12,sh.600511,15.0300,15.7500,14.9600,15.4100,15.0300,4534599,70180856.0000,2.528300,SH,Up
2013-07-15,sh.600511,15.4600,15.9100,15.3100,15.7100,15.4100,2856146,44833320.0000,1.946800,HH,Up
2013-07-16,sh.600511,15.7400,15.7600,15.4100,15.7200,15.7100,1677841,26270952.0000,0.063700,HL,Up
2013-07-17,sh.600511,15.7200,15.7500,15.4200,15.4200,15.7200,1637618,25452240.0000,-1.908400,SL,Down
2013-07-18,sh.600511,15.4100,15.4100,15.1200,15.1700,15.4200,1350281,20516176.0000,-1.621300,LL,Down
2013-07-19,sh.600511,15.2200,15.3100,14.9100,14.9600,15.1700,1775683,26748276.0000,-1.384300,HL,Down
2013-07-22,sh.600511,14.9500,16.1000,14.9500,16.0100,14.9600,5755850,90762504.0000,7.018700,LH,Up
2013-07-23,sh.600511,16.4000,16.6500,16.2600,16.4800,16.0100,5948983,98166072.0000,2.935700,HH,Up
2013-07-24,sh.600511,16.2200,16.9200,16.2200,16.6000,16.4800,4032713,67415032.0000,0.728200,LH,Up
2013-07-25,sh.600511,16.6800,16.9400,16.1200,16.3800,16.6000,5487968,90173688.0000,-1.325300,HL,Down
2013-07-26,sh.600511,16.3500,16.6700,16.0300,16.4500,16.3800,4678460,76625704.0000,0.427400,LH,Up
2013-07-29,sh.600511,16.1100,16.3500,15.8300,16.1200,16.4500,2529920,40701180.0000,-2.006100,LH,Down
2013-07-30,sh.600511,16.1200,16.3000,15.6200,15.8200,16.1200,1799518,28548064.0000,-1.861000,SL,Down
2013-07-31,sh.600511,15.8400,16.0700,15.6600,15.7000,15.8200,2544610,40322864.0000,-0.758500,HL,Down
2013-08-01,sh.600511,15.8100,15.8800,15.3500,15.6000,15.7000,5722753,88925936.0000,-0.636900,HL,Down
2013-08-02,sh.600511,15.7200,16.0500,15.5400,15.7900,15.6000,4212899,66357392.0000,1.217900,HH,Up
2013-08-05,sh.600511,15.7200,16.5500,15.7100,16.4400,15.7900,3940772,63614676.0000,4.116500,LH,Up
2013-08-06,sh.600511,16.4300,17.1500,16.0700,17.0000,16.4400,6080772,101741160.0000,3.406300,LH,Up
2013-08-07,sh.600511,16.8800,17.2000,16.7100,16.9200,17.0000,5391849,91370704.0000,-0.470600,LH,Down
2013-08-08,sh.600511,16.9000,17.4000,16.8100,17.0100,16.9200,4371747,74989552.0000,0.531900,LH,Up
2013-08-09,sh.600511,17.0000,17.9300,17.0000,17.5000,17.0100,5924122,104047280.0000,2.880700,LH,Up
2013-08-12,sh.600511,17.4400,18.2200,17.4400,17.9900,17.5000,6015356,108040736.0000,2.800000,LH,Up
2013-08-13,sh.600511,17.8900,18.0500,17.5000,17.5800,17.9900,4334103,76748128.0000,-2.279000,LL,Down
2013-08-14,sh.600511,17.5900,18.2500,17.5900,18.2400,17.5800,4936203,89300320.0000,3.754300,HH,Up
2013-08-15,sh.600511,18.3000,18.5500,17.0900,17.1700,18.2400,9693453,171909648.0000,-5.866200,HL,Down
2013-08-16,sh.600511,17.1700,17.4200,16.6000,16.6200,17.1700,3211249,54627516.0000,-3.203300,SL,Down
2013-08-19,sh.600511,16.6500,17.1400,16.5500,17.0800,16.6200,3228161,54461772.0000,2.767700,HH,Up
2013-08-20,sh.600511,17.1900,17.4300,16.8000,17.3600,17.0800,3695115,62877296.0000,1.639300,HH,Up
2013-08-21,sh.600511,17.2800,17.3300,16.9000,17.1400,17.3600,2586868,44260856.0000,-1.267300,LL,Down
2013-08-22,sh.600511,17.1400,17.1900,16.7500,16.8300,17.1400,3122627,52669632.0000,-1.808600,SL,Down
2013-08-23,sh.600511,16.9600,16.9600,16.4500,16.7500,16.8300,1979977,33035920.0000,-0.475300,HL,Down
2013-08-26,sh.600511,16.7600,17.6000,16.6900,17.5800,16.7500,6900490,118816056.0000,4.955200,HH,Up
2013-08-27,sh.600511,17.6300,17.9200,17.4300,17.6900,17.5800,3374945,59681668.0000,0.625700,HH,Up
2013-08-28,sh.600511,17.6900,17.9700,17.5000,17.7200,17.6900,3174428,56309720.0000,0.169600,SH,Up
2013-08-29,sh.600511,17.7300,18.6300,17.6500,18.4300,17.7200,5419122,99151000.0000,4.006800,HH,Up
2013-08-30,sh.600511,18.5000,18.5500,17.3700,17.4300,18.4300,3347012,59848628.0000,-5.425900,HL,Down
2013-09-02,sh.600511,17.5500,17.9800,17.4000,17.5900,17.4300,3051078,54218880.0000,0.918000,HH,Up
2013-09-03,sh.600511,17.4300,18.3100,17.2000,18.2800,17.5900,5521721,98971904.0000,3.922700,LH,Up
2013-09-04,sh.600511,18.7000,18.7000,17.9300,18.2000,18.2800,4206012,76563632.0000,-0.437600,HL,Down
2013-09-05,sh.600511,18.2000,18.3900,17.8500,18.1500,18.2000,1738734,31390860.0000,-0.274700,SL,Down
2013-09-06,sh.600511,18.1000,18.1500,17.3100,17.6100,18.1500,4210918,74144552.0000,-2.975200,LL,Down
2013-09-09,sh.600511,17.7000,18.3300,17.7000,18.2400,17.6100,5892041,105909112.0000,3.577500,HH,Up
2013-09-10,sh.600511,18.2000,18.2400,17.7100,18.1700,18.2400,2571257,46216416.0000,-0.383800,LL,Down
2013-09-11,sh.600511,18.1200,18.1200,17.7000,17.9400,18.1700,1616290,28953929.0000,-1.265800,LL,Down
2013-09-12,sh.600511,17.9400,17.9400,17.4400,17.6800,17.9400,3212879,56530210.0000,-1.449300,SL,Down
2013-09-13,sh.600511,17.5700,17.9500,17.5100,17.8100,17.6800,2272618,40520936.0000,0.735300,LH,Up
2013-09-16,sh.600511,17.8100,17.9500,17.6100,17.9000,17.8100,1053596,18795904.0000,0.505300,SH,Up
2013-09-17,sh.600511,17.8800,17.9200,17.5100,17.5200,17.9000,1471343,25972858.0000,-2.122900,LL,Down
2013-09-18,sh.600511,17.5000,17.9500,17.0700,17.7500,17.5200,2640609,46073832.0000,1.312800,LH,Up
2013-09-23,sh.600511,17.5800,18.0000,17.4800,17.9200,17.7500,2950862,52434301.0000,0.957700,LH,Up
2013-09-24,sh.600511,17.9400,18.2000,17.8900,17.9600,17.9200,1713414,30899287.0000,0.223200,HH,Up
2013-09-25,sh.600511,17.9600,18.2300,17.8000,18.0500,17.9600,2897059,52242069.0000,0.501100,SH,Up
2013-09-26,sh.600511,18.0400,18.4000,17.7400,18.2700,18.0500,4231213,76753549.0000,1.218800,LH,Up
2013-09-27,sh.600511,18.2700,18.6700,18.2700,18.4500,18.2700,3330675,61619160.0000,0.985200,SH,Up
2013-09-30,sh.600511,18.4600,18.9000,18.3900,18.7400,18.4500,3090304,57863062.0000,1.571800,HH,Up
2013-10-08,sh.600511,18.7600,18.9800,18.4400,18.6500,18.7400,2084350,38736795.0000,-0.480300,HL,Down
2013-10-09,sh.600511,18.6500,18.8500,18.1600,18.5500,18.6500,2500901,46161649.0000,-0.536200,SL,Down
2013-10-10,sh.600511,18.7800,19.5000,18.7800,19.1400,18.5500,3793997,72451402.0000,3.180600,HH,Up
2013-10-11,sh.600511,18.9800,19.1400,18.7600,18.8900,19.1400,2758687,52083583.0000,-1.306200,LL,Down
2013-10-14,sh.600511,18.8800,19.0100,18.5500,18.6500,18.8900,2569816,47921715.0000,-1.270500,LL,Down
2013-10-15,sh.600511,18.6000,18.9000,18.4000,18.5700,18.6500,2721553,50553540.0000,-0.429000,LL,Down
2013-10-16,sh.600511,18.5700,18.6400,18.0000,18.1700,18.5700,2588204,47237618.0000,-2.154000,SL,Down
2013-10-17,sh.600511,18.2300,18.2300,17.3500,17.3800,18.1700,6018595,106659779.0000,-4.347800,HL,Down
2013-10-18,sh.600511,17.3800,17.3800,16.4800,16.7900,17.3800,10268363,171481187.0000,-3.394700,SL,Down
2013-10-21,sh.600511,16.8000,17.5200,16.7000,17.3300,16.7900,7317535,125739631.0000,3.216200,HH,Up
2013-10-22,sh.600511,17.2800,17.3100,16.6400,16.6900,17.3300,4927793,83132128.0000,-3.693000,LL,Down
2013-10-23,sh.600511,16.8500,18.0900,16.8500,17.8600,16.6900,11588058,203899776.0000,7.010200,HH,Up
2013-10-24,sh.600511,17.6800,18.1000,17.3800,17.8800,17.8600,3488055,62168449.0000,0.112000,LH,Up
2013-10-25,sh.600511,17.7000,17.8500,17.4000,17.4500,17.8800,2162476,38093494.0000,-2.404900,LL,Down
2013-10-28,sh.600511,17.5700,17.6500,16.9000,17.1600,17.4500,2096247,35831272.0000,-1.661900,HL,Down
2013-10-29,sh.600511,17.4800,18.0100,16.9900,17.4300,17.1600,7644086,134226123.0000,1.573400,HL,Up
2013-10-30,sh.600511,17.4300,17.5100,16.8800,17.2500,17.4300,2811957,48389671.0000,-1.032700,SL,Down
2013-10-31,sh.600511,17.3500,17.3800,16.9500,17.0800,17.2500,3723824,63960180.0000,-0.985500,HL,Down
2013-11-01,sh.600511,17.0000,17.1600,16.5000,16.8700,17.0800,2568987,42850100.0000,-1.229500,LL,Down
2013-11-04,sh.600511,16.8700,16.8800,16.1600,16.1700,16.8700,4606862,75555961.0000,-4.149400,SL,Down
2013-11-05,sh.600511,16.1800,16.2200,15.9100,16.1400,16.1700,3925897,63074469.0000,-0.185500,HL,Down
2013-11-06,sh.600511,16.1200,16.2600,16.0300,16.0900,16.1400,3050450,49276412.0000,-0.309800,LL,Down
2013-11-07,sh.600511,16.1000,16.1800,15.8600,15.9500,16.0900,3384962,54115078.0000,-0.870100,HL,Down
2013-11-08,sh.600511,15.8900,16.3200,15.8300,16.0800,15.9500,3121694,50201037.0000,0.815000,LH,Up
2013-11-11,sh.600511,16.0800,16.7400,16.0400,16.6800,16.0800,3853013,63396238.0000,3.731300,SH,Up
2013-11-12,sh.600511,16.6400,16.8600,16.5500,16.6600,16.6800,1930579,32257505.0000,-0.119900,LH,Down
2013-11-13,sh.600511,16.6800,16.7700,16.4800,16.6900,16.6600,1514417,25204050.0000,0.180100,HH,Up
2013-11-14,sh.600511,16.7100,17.1500,16.5700,17.0800,16.6900,1959218,33212605.0000,2.336700,HH,Up
2013-11-15,sh.600511,17.0600,17.5800,17.0000,17.4200,17.0800,3470734,60455522.0000,1.990600,LH,Up
2013-11-18,sh.600511,17.4500,17.5400,17.1800,17.2200,17.4200,4152897,71932354.0000,-1.148100,HL,Down
2013-11-19,sh.600511,17.2600,17.3000,16.6900,16.8000,17.2200,4236946,71689121.0000,-2.439000,HL,Down
2013-11-20,sh.600511,16.8900,17.0500,16.8100,17.0500,16.8000,1631376,27626006.0000,1.488100,HH,Up
2013-11-21,sh.600511,17.0500,17.3800,16.6800,17.3500,17.0500,2583236,43954724.0000,1.759500,SH,Up
2013-11-22,sh.600511,17.2600,17.4500,16.8100,16.9800,17.3500,2580331,43977892.0000,-2.132600,LL,Down
2013-11-25,sh.600511,16.9000,17.2500,16.7100,17.1400,16.9800,2645984,45093872.0000,0.942300,LH,Up
2013-11-26,sh.600511,17.0000,17.2700,16.8100,16.9700,17.1400,1224236,20720566.0000,-0.991800,LL,Down
2013-11-27,sh.600511,16.9100,17.3000,16.8000,17.1100,16.9700,2016153,34460969.0000,0.825000,LH,Up
2013-11-28,sh.600511,17.1900,17.3800,17.0500,17.2500,17.1100,3518953,60670685.0000,0.818200,HH,Up
2013-11-29,sh.600511,17.2900,17.2900,16.9000,17.0600,17.2500,5232126,88985132.0000,-1.101400,HL,Down
2013-12-02,sh.600511,16.8700,16.8900,16.1400,16.7000,17.0600,5022567,83331011.0000,-2.110200,LL,Down
2013-12-03,sh.600511,16.6700,16.9800,16.5200,16.9500,16.7000,3010348,50753902.0000,1.497000,LH,Up
2013-12-04,sh.600511,16.8100,17.4600,16.8100,17.2600,16.9500,2785914,48094764.0000,1.828900,LH,Up
2013-12-05,sh.600511,17.2900,17.4000,17.1900,17.3000,17.2600,1371530,23719768.0000,0.231700,HH,Up
2013-12-06,sh.600511,17.3100,17.4500,17.2400,17.4200,17.3000,1602263,27818141.0000,0.693600,HH,Up
2013-12-09,sh.600511,17.4000,17.4900,16.9500,17.2000,17.4200,3152182,54252001.0000,-1.262900,LL,Down
2013-12-10,sh.600511,17.2000,17.3000,16.8600,16.9800,17.2000,2673289,45554640.0000,-1.279100,SL,Down
2013-12-11,sh.600511,16.9000,16.9100,16.5800,16.6000,16.9800,2183386,36432983.0000,-2.237900,LL,Down
2013-12-12,sh.600511,16.5800,16.8600,16.5100,16.8100,16.6000,2904366,48570531.0000,1.265100,LH,Up
2013-12-13,sh.600511,16.7000,16.9500,16.6300,16.8800,16.8100,2764783,46359455.0000,0.416400,LH,Up
2013-12-16,sh.600511,16.8800,17.1800,16.8100,16.9500,16.8800,2780972,47365235.0000,0.414700,SH,Up
2013-12-17,sh.600511,16.9500,17.1500,16.9000,17.1300,16.9500,2259950,38626362.0000,1.061900,SH,Up
2013-12-18,sh.600511,17.1500,17.3000,17.0400,17.1300,17.1300,1469376,25203859.0000,0.000000,HL,Smooth
2013-12-19,sh.600511,17.1300,17.3200,16.8200,16.9800,17.1300,2235764,38208755.0000,-0.875700,SL,Down
2013-12-20,sh.600511,16.8200,16.9800,16.7700,16.9100,16.9800,1629516,27465821.0000,-0.412200,LH,Down
2013-12-23,sh.600511,16.9000,17.5500,16.5800,17.5000,16.9100,4929296,85036963.0000,3.489100,LH,Up
2013-12-24,sh.600511,17.5000,17.5400,16.9400,17.0400,17.5000,3866012,66627270.0000,-2.628600,SL,Down
2013-12-25,sh.600511,17.0200,17.3300,16.9400,17.0900,17.0400,5905160,100922011.0000,0.293400,LH,Up
2013-12-26,sh.600511,17.0800,17.5000,17.0800,17.2600,17.0900,5130469,88839010.0000,0.994700,LH,Up
2013-12-27,sh.600511,17.1900,17.7200,17.1500,17.7200,17.2600,5400409,94987858.0000,2.665100,LH,Up
2013-12-30,sh.600511,17.7300,18.0800,17.6800,17.8100,17.7200,3351624,59915041.0000,0.507900,HH,Up
2013-12-31,sh.600511,19.0000,19.5000,18.3900,18.8700,17.8100,18714247,352276176.0000,5.951700,HL,Up
2014-01-02,sh.600511,19.0000,19.1500,18.6200,19.0400,18.8700,7880527,148867874.0000,0.900900,HH,Up
2014-01-03,sh.600511,18.9500,19.1000,18.6600,18.8600,19.0400,4311414,81518412.0000,-0.945400,LL,Down
2014-01-06,sh.600511,18.8000,18.8800,18.2700,18.5900,18.8600,3347912,62024075.0000,-1.431600,LL,Down
2014-01-07,sh.600511,18.4800,18.8200,18.1500,18.6100,18.5900,7284391,135533314.0000,0.107600,LH,Up
2014-01-08,sh.600511,18.6200,19.6300,18.6200,19.3400,18.6100,7203038,138209574.0000,3.922600,HH,Up
2014-01-09,sh.600511,19.3800,19.8500,19.1100,19.1200,19.3400,4828580,94234432.0000,-1.137500,HL,Down
2014-01-10,sh.600511,19.1200,19.2500,18.4000,18.9400,19.1200,2289091,42827988.0000,-0.941400,SL,Down
2014-01-13,sh.600511,18.7100,18.9300,18.0900,18.4800,18.9400,3770626,69429201.0000,-2.428700,LL,Down
2014-01-14,sh.600511,18.2800,18.7600,18.2800,18.5300,18.4800,2723491,50655454.0000,0.270600,LH,Up
2014-01-15,sh.600511,18.6400,18.7600,18.0800,18.6300,18.5300,3262850,59844714.0000,0.539700,HL,Up
2014-01-16,sh.600511,18.7800,19.2400,18.5500,18.8000,18.6300,3874644,73082292.0000,0.912500,HH,Up
2014-01-17,sh.600511,18.7600,19.0400,18.5500,18.5900,18.8000,1242910,23359800.0000,-1.117000,LL,Down
2014-01-20,sh.600511,18.5100,18.8000,17.9000,18.1700,18.5900,2162409,39317773.0000,-2.259300,LL,Down
2014-01-21,sh.600511,18.1700,18.3800,17.7500,17.8000,18.1700,2607639,46883693.0000,-2.036300,SL,Down
2014-01-22,sh.600511,17.8000,18.2900,17.6000,18.2800,17.8000,1909901,34520582.0000,2.696600,SH,Up
2014-01-23,sh.600511,18.2800,18.4800,18.2000,18.3400,18.2800,3279908,60158228.0000,0.328200,SH,Up
2014-01-24,sh.600511,18.5000,19.9400,18.2700,19.7700,18.3400,8398108,161387662.0000,7.797200,HH,Up
2014-01-27,sh.600511,19.7500,20.1000,19.6200,19.9800,19.7700,4238102,84241343.0000,1.062200,LH,Up
2014-01-28,sh.600511,19.9100,20.3500,19.5600,19.9200,19.9800,3124717,61874840.0000,-0.300300,LH,Down
2014-01-29,sh.600511,19.9800,20.0300,19.5700,19.9900,19.9200,4240310,83733055.0000,0.351400,HH,Up
2014-01-30,sh.600511,20.1300,20.7800,19.9400,20.6800,19.9900,3965769,80845650.0000,3.451700,HH,Up
2014-02-07,sh.600511,20.6000,22.2500,20.3200,21.9800,20.6800,4967338,106581908.0000,6.286300,LH,Up
2014-02-10,sh.600511,22.0000,22.8700,21.8300,21.9600,21.9800,7288878,160731226.0000,-0.091000,HL,Down
2014-02-11,sh.600511,21.9800,22.6000,21.4500,21.7100,21.9600,5820277,129236253.0000,-1.138400,HL,Down
2014-02-12,sh.600511,21.7300,23.5000,21.4800,23.3500,21.7100,5671077,127760027.0000,7.554100,HH,Up
2014-02-13,sh.600511,23.3000,23.6000,22.8000,23.3500,23.3500,3519984,81683235.0000,0.000000,LH,Smooth
2014-02-14,sh.600511,23.2000,24.8000,23.0200,24.5100,23.3500,5804311,141128549.0000,4.967900,LH,Up
2014-02-17,sh.600511,24.5500,24.5500,23.9000,24.0500,24.5100,4636735,111837311.0000,-1.876800,HL,Down
2014-02-18,sh.600511,24.0800,25.2000,23.7400,23.9500,24.0500,4306767,105907382.0000,-0.415800,HL,Down
2014-02-19,sh.600511,23.7900,24.0800,23.0100,23.3500,23.9500,3566912,83825698.0000,-2.505200,LL,Down
2014-02-20,sh.600511,23.3500,23.6800,22.6300,23.1900,23.3500,3291282,76113777.0000,-0.685200,SL,Down
2014-02-21,sh.600511,23.1900,23.4400,22.2800,22.7500,23.1900,4031277,91138730.0000,-1.897400,SL,Down
2014-02-24,sh.600511,22.6000,23.5400,22.5000,23.3300,22.7500,2982117,68602022.0000,2.549500,LH,Up
2014-02-25,sh.600511,23.3300,23.3300,21.6200,21.9500,23.3300,6469710,144530467.0000,-5.915100,SL,Down
2014-02-26,sh.600511,21.8800,22.5700,21.1100,22.2600,21.9500,2999442,66158358.0000,1.412300,LH,Up
2014-02-27,sh.600511,22.2800,22.5500,21.3500,21.9300,22.2600,2468951,54423726.0000,-1.482500,HL,Down
2014-02-28,sh.600511,22.0300,22.0300,21.0700,21.8800,21.9300,3368430,71969367.0000,-0.228000,HL,Down
2014-03-03,sh.600511,21.5000,22.8000,21.3500,22.6400,21.8800,4117128,90693338.0000,3.473500,LH,Up
2014-03-04,sh.600511,22.6500,22.6500,21.7000,21.8600,22.6400,2686295,59105106.0000,-3.445200,HL,Down
2014-03-05,sh.600511,21.8600,21.9000,21.2000,21.3000,21.8600,2081413,44733922.0000,-2.561800,SL,Down
2014-03-06,sh.600511,21.2900,21.5800,21.0100,21.3900,21.3000,1532210,32746104.0000,0.422500,LH,Up
2014-03-07,sh.600511,21.3500,21.5600,21.1800,21.5600,21.3900,1992352,42677633.0000,0.794800,LH,Up
2014-03-10,sh.600511,21.5300,21.5300,20.6900,21.1100,21.5600,1725069,36095176.0000,-2.087200,LL,Down
2014-03-11,sh.600511,20.9300,21.2500,20.2200,20.2900,21.1100,3901617,80056077.0000,-3.884400,LL,Down
2014-03-12,sh.600511,20.3800,20.7900,19.9800,20.4100,20.2900,3811332,77141916.0000,0.591400,HH,Up
2014-03-13,sh.600511,20.3000,20.8500,20.2000,20.5700,20.4100,1357537,27954209.0000,0.783900,LH,Up
2014-03-14,sh.600511,20.6200,20.9800,20.3900,20.7000,20.5700,1634772,33826983.0000,0.632000,HH,Up
2014-03-17,sh.600511,20.7000,21.9600,20.7000,21.7200,20.7000,2910528,62895217.0000,4.927500,SH,Up
2014-03-18,sh.600511,21.7200,22.0500,21.5300,21.7500,21.7200,1444275,31389569.0000,0.138100,SH,Up
2014-03-19,sh.600511,21.7300,21.7300,20.3600,21.4800,21.7500,5772581,119747224.0000,-1.241400,LL,Down
2014-03-20,sh.600511,21.1500,21.6400,20.7000,21.1400,21.4800,3087641,65776949.0000,-1.582900,LL,Down
2014-03-21,sh.600511,21.1400,21.5800,20.5800,21.5200,21.1400,3118073,65605485.0000,1.797500,SH,Up
2014-03-24,sh.600511,21.4100,21.9500,21.4100,21.8300,21.5200,2344576,51138008.0000,1.440500,LH,Up
2014-03-25,sh.600511,21.8300,21.9500,21.1800,21.4200,21.8300,1232756,26539704.0000,-1.878100,SL,Down
2014-03-26,sh.600511,21.4800,21.7300,21.2000,21.4800,21.4200,1246663,26837472.0000,0.280100,HS,Up
2014-03-27,sh.600511,21.3500,21.7100,20.8900,20.9300,21.4800,1667178,35675515.0000,-2.560500,LL,Down
2014-03-28,sh.600511,20.9300,21.1800,20.3800,20.9500,20.9300,1828192,37790906.0000,0.095600,SH,Up
2014-03-31,sh.600511,20.8900,20.8900,20.1300,20.3900,20.9500,1512698,30832601.0000,-2.673000,LL,Down
2014-04-01,sh.600511,20.1800,20.7200,20.1800,20.6400,20.3900,1009152,20714778.0000,1.226100,LH,Up
2014-04-02,sh.600511,20.6600,20.6600,20.2600,20.4300,20.6400,655706,13410507.0000,-1.017400,HL,Down
2014-04-03,sh.600511,20.5500,20.8600,20.3800,20.7600,20.4300,1092431,22579662.0000,1.615300,HH,Up
2014-04-04,sh.600511,20.5100,20.7600,20.2000,20.5800,20.7600,2187004,44604067.0000,-0.867100,LH,Down
2014-04-08,sh.600511,20.4500,20.7500,20.2700,20.7100,20.5800,3215376,65742715.0000,0.631700,LH,Up
2014-04-09,sh.600511,20.5500,21.2200,20.5500,21.1500,20.7100,2094170,43832564.0000,2.124600,LH,Up
2014-04-10,sh.600511,21.1500,21.6800,21.0500,21.3800,21.1500,1704320,36421761.0000,1.087500,SH,Up
2014-04-11,sh.600511,21.3100,21.7500,21.2100,21.6700,21.3800,1570357,33779765.0000,1.356400,LH,Up
2014-04-14,sh.600511,21.7200,21.9200,21.3500,21.8100,21.6700,1823786,39394584.0000,0.646100,HH,Up
2014-04-15,sh.600511,21.8200,21.8200,21.3200,21.4400,21.8100,1032502,22176554.0000,-1.696500,HL,Down
2014-04-16,sh.600511,21.4400,21.5200,21.1200,21.3500,21.4400,621134,13206487.0000,-0.419800,SL,Down
2014-04-17,sh.600511,21.4400,21.5000,20.7900,20.8800,21.3500,1371160,28901308.0000,-2.201400,HL,Down
2014-04-18,sh.600511,20.9200,20.9900,20.1800,20.9300,20.8800,1695935,35131901.0000,0.239500,HH,Up
2014-04-21,sh.600511,20.8800,20.9300,20.6500,20.6600,20.9300,785850,16344327.0000,-1.290000,LL,Down
2014-04-22,sh.600511,20.5000,20.7900,20.1700,20.4500,20.6600,1115889,22798208.0000,-1.016500,LL,Down
2014-04-23,sh.600511,20.4100,20.5400,20.1000,20.2400,20.4500,1337337,27094116.0000,-1.026900,LL,Down
2014-04-24,sh.600511,20.2800,20.3300,19.9300,20.1200,20.2400,1835995,36905290.0000,-0.592900,HL,Down
2014-04-25,sh.600511,20.2200,20.2300,19.0000,19.6900,20.1200,3329279,64892422.0000,-2.137200,HL,Down
2014-04-28,sh.600511,19.6800,20.1400,19.1300,19.7100,19.6900,4273767,84542960.0000,0.101600,LH,Up
2014-04-29,sh.600511,19.6500,19.8900,19.4100,19.7100,19.7100,1217593,23916862.0000,0.000000,LH,Smooth
2014-04-30,sh.600511,19.4000,20.3400,19.4000,20.2600,19.7100,2036539,40865063.0000,2.790500,LH,Up
2014-05-05,sh.600511,20.2000,20.4000,19.9300,20.2000,20.2600,1196132,24088527.0000,-0.296100,LS,Down
2014-05-06,sh.600511,20.2500,20.5000,20.0500,20.1900,20.2000,1835438,37243544.0000,-0.049500,HL,Down
2014-05-07,sh.600511,20.1000,20.3000,19.9500,20.0700,20.1900,856039,17210671.0000,-0.594400,LL,Down
2014-05-08,sh.600511,19.8000,20.1000,19.8000,20.0600,20.0700,1055129,21092851.0000,-0.049800,LH,Down
2014-05-09,sh.600511,20.2000,20.2000,19.5100,20.0000,20.0600,1238142,24613318.0000,-0.299100,HL,Down
2014-05-12,sh.600511,20.1500,20.4200,19.8500,20.3300,20.0000,1544237,31248454.0000,1.650000,HH,Up
2014-05-13,sh.600511,20.3600,20.8700,20.3400,20.7400,20.3300,1967904,40708153.0000,2.016700,HH,Up
2014-05-14,sh.600511,20.8400,20.8500,20.5200,20.6100,20.7400,1019532,21090818.0000,-0.626800,HL,Down
2014-05-15,sh.600511,20.5800,20.5800,19.8500,20.1800,20.6100,1293049,26041919.0000,-2.086400,LL,Down
2014-05-16,sh.600511,20.1700,20.1700,19.6000,20.0300,20.1800,1926160,38269363.0000,-0.743300,LL,Down
2014-05-19,sh.600511,19.8000,20.2000,19.8000,20.0000,20.0300,816891,16319228.0000,-0.149800,LH,Down
2014-05-20,sh.600511,20.2000,20.2000,19.7000,19.8500,20.0000,1061741,21098000.0000,-0.750000,HL,Down
2014-05-21,sh.600511,19.7100,20.0800,19.5000,19.9500,19.8500,963381,19154766.0000,0.503800,LH,Up
2014-05-22,sh.600511,20.0000,20.2800,19.8000,19.9000,19.9500,1502290,30218193.0000,-0.250600,HL,Down
2014-05-23,sh.600511,19.9800,20.0000,19.6000,19.9600,19.9000,1576330,31178212.0000,0.301500,HL,Up
2014-05-26,sh.600511,20.0400,20.4500,19.9000,20.2900,19.9600,4477825,90744793.0000,1.653300,HH,Up
2014-05-27,sh.600511,20.3500,20.4000,19.9300,20.0300,20.2900,2969432,59720916.0000,-1.281400,HL,Down
2014-05-28,sh.600511,20.1000,20.3600,19.8600,20.1200,20.0300,3175762,63731422.0000,0.449300,HH,Up
2014-05-29,sh.600511,20.0200,20.4300,19.9900,20.1400,20.1200,5025475,101650480.0000,0.099400,LH,Up
2014-05-30,sh.600511,20.2000,20.2000,19.8000,20.0000,20.1400,1939209,38692194.0000,-0.695100,HL,Down
2014-06-03,sh.600511,20.2000,20.2000,19.7000,19.7900,20.0000,1887774,37521637.0000,-1.050000,HL,Down
2014-06-04,sh.600511,19.6900,19.8200,19.2800,19.7600,19.7900,2239514,43563118.0000,-0.151600,LH,Down
2014-06-05,sh.600511,19.6600,20.1800,19.5100,19.9500,19.7600,2895371,57770871.0000,0.961500,LH,Up
2014-06-06,sh.600511,20.0300,20.3400,19.9300,20.2200,19.9500,2758443,55580851.0000,1.353400,HH,Up
2014-06-09,sh.600511,20.3500,20.3500,19.8000,19.9700,20.2200,2324667,46380966.0000,-1.236400,HL,Down
2014-06-10,sh.600511,19.9300,19.9800,19.6000,19.9500,19.9700,2562700,50787204.0000,-0.100100,LH,Down
2014-06-11,sh.600511,19.9900,19.9900,19.8100,19.9100,19.9500,960683,19107708.0000,-0.200500,HL,Down
2014-06-12,sh.600511,19.9900,20.2300,19.8700,20.1900,19.9100,2075081,41670725.0000,1.406300,HH,Up
2014-06-13,sh.600511,20.2200,22.1500,20.0800,21.6700,20.1900,5250375,111123045.0000,7.330400,HH,Up
2014-06-16,sh.600511,21.5500,22.3200,21.4100,22.1300,21.6700,3921450,86297533.0000,2.122700,LH,Up
2014-06-17,sh.600511,21.9500,22.0000,21.6300,21.8000,22.1300,1142300,24895410.0000,-1.491200,LL,Down
2014-06-18,sh.600511,21.9900,22.1500,21.2600,21.3400,21.8000,1178411,25387177.0000,-2.110100,HL,Down
2014-06-19,sh.600511,21.3800,21.3800,20.3000,20.7300,21.0800,2678851,55363813.0000,-1.660300,HL,Down
2014-06-20,sh.600511,20.5300,21.2900,20.4000,21.2700,20.7300,1706582,35650616.0000,2.604900,LH,Up
2014-06-23,sh.600511,21.0300,21.9000,21.0300,21.7400,21.2700,2190465,47527979.0000,2.209700,LH,Up
2014-06-24,sh.600511,21.7500,23.2000,21.7500,22.5100,21.7400,4221350,95233334.0000,3.541900,HH,Up
2014-06-25,sh.600511,22.6200,22.6200,21.9000,22.1100,22.5100,1749493,38813760.0000,-1.777000,HL,Down
2014-06-26,sh.600511,22.3000,23.0000,22.1200,22.5800,22.1100,1864659,42426310.0000,2.125700,HH,Up
2014-06-27,sh.600511,22.5600,22.9500,22.3300,22.6200,22.5800,980026,22227455.0000,0.177200,LH,Up
2014-06-30,sh.600511,22.5000,22.8400,22.1300,22.7000,22.6200,1360056,30677012.0000,0.353700,LH,Up
2014-07-01,sh.600511,22.6200,22.6900,22.3100,22.5600,22.7000,682942,15375571.0000,-0.616700,LL,Down
2014-07-02,sh.600511,22.5000,22.6400,22.2200,22.4700,22.5600,1846518,41335169.0000,-0.398900,LL,Down
2014-07-03,sh.600511,22.5000,22.5900,22.2000,22.5100,22.4700,2053021,46010959.0000,0.178000,HH,Up
2014-07-04,sh.600511,22.6100,22.9800,22.3300,22.8000,22.5100,1727162,39348077.0000,1.288300,HH,Up
2014-07-07,sh.600511,22.7400,22.7900,21.9200,22.3600,22.8000,2910561,64727360.0000,-1.929800,LL,Down
2014-07-08,sh.600511,22.4500,22.4500,21.9700,22.3000,22.3600,824981,18283282.0000,-0.268300,HL,Down
2014-07-09,sh.600511,22.3200,22.3200,21.8000,21.8600,22.3000,1221316,26838010.0000,-1.973100,HL,Down
2014-07-10,sh.600511,21.9500,22.0200,21.7300,21.8500,21.8600,700636,15321827.0000,-0.045700,HL,Down
2014-07-11,sh.600511,21.9500,22.2000,21.6000,21.9100,21.8500,1229674,26779191.0000,0.274600,HL,Up
2014-07-14,sh.600511,21.9400,23.3000,21.9000,23.2700,21.9100,5452012,123527309.0000,6.207200,HH,Up
2014-07-15,sh.600511,23.2000,23.8500,22.6900,23.6500,23.2700,7155816,166729690.0000,1.633000,LH,Up
2014-07-16,sh.600511,23.9500,24.9900,22.7500,22.9900,23.6500,10090676,240624544.0000,-2.790700,HL,Down
2014-07-17,sh.600511,23.0900,23.9600,22.5100,22.8600,22.9900,5407584,125377502.0000,-0.565500,HL,Down
2014-07-18,sh.600511,22.5300,23.5300,22.0000,23.2000,22.8600,4421044,102239319.0000,1.487300,LH,Up
2014-07-21,sh.600511,23.1900,23.1900,22.6000,22.7800,23.2000,1802329,41058628.0000,-1.810300,LL,Down
2014-07-22,sh.600511,22.7800,23.3600,22.4500,22.9200,22.7800,2558341,58947793.0000,0.614600,SH,Up
2014-07-23,sh.600511,22.9500,22.9900,22.2800,22.6600,22.9200,2614779,59056273.0000,-1.134400,HL,Down
2014-07-24,sh.600511,22.6600,22.8800,22.0200,22.3000,22.6600,3134288,69613107.0000,-1.588700,SL,Down
2014-07-25,sh.600511,22.3000,22.4000,22.0200,22.3700,22.3000,2307007,51345362.0000,0.313900,SH,Up
2014-07-28,sh.600511,22.3500,23.1100,22.2600,22.5000,22.3700,2918678,65715202.0000,0.581100,LH,Up
2014-07-29,sh.600511,22.5800,23.1800,22.5000,22.9300,22.5000,3640034,83303836.0000,1.911100,HH,Up
2014-07-30,sh.600511,22.8000,23.5100,22.5600,23.4800,22.9300,4980911,115375735.0000,2.398600,LH,Up
2014-07-31,sh.600511,23.5000,23.5000,23.0700,23.4500,23.4800,2268012,52694290.0000,-0.127800,HL,Down
2014-08-01,sh.600511,23.3900,23.9900,23.0100,23.2700,23.4500,4259323,99928558.0000,-0.767600,LL,Down
2014-08-04,sh.600511,23.4400,24.5100,23.1200,24.1800,23.2700,6076412,145430187.0000,3.910600,HH,Up
2014-08-05,sh.600511,24.1300,24.3000,23.7200,24.2400,24.1800,2859580,68681180.0000,0.248100,LH,Up
2014-08-06,sh.600511,24.1500,24.2500,23.9000,24.1500,24.2400,2474545,59634968.0000,-0.371300,LS,Down
2014-08-07,sh.600511,24.1800,24.2300,23.6000,23.6700,24.1500,2861106,68567255.0000,-1.987600,HL,Down
2014-08-08,sh.600511,23.6500,24.5300,23.5900,24.5000,23.6700,3648339,88121674.0000,3.506500,LH,Up
2014-08-11,sh.600511,24.5100,25.2000,24.2800,24.4000,24.5000,4403364,108549741.0000,-0.408200,HL,Down
2014-08-12,sh.600511,24.3900,24.4100,23.9600,24.0000,24.4000,2627768,63468060.0000,-1.639300,LL,Down
2014-08-13,sh.600511,23.9500,24.6000,23.9000,24.5000,24.0000,4378013,106241040.0000,2.083300,LH,Up
2014-08-14,sh.600511,24.4000,24.4600,23.9000,24.0700,24.5000,2337860,56572135.0000,-1.755100,LL,Down
2014-08-15,sh.600511,24.1700,24.5900,23.9100,24.4000,24.0700,2408023,58677169.0000,1.371000,HH,Up
2014-08-18,sh.600511,24.3800,25.2000,24.2100,25.0000,24.4000,2968470,73727414.0000,2.459000,LH,Up
2014-08-19,sh.600511,25.0000,25.1000,24.7000,24.9100,25.0000,1287854,31935427.0000,-0.360000,SL,Down
2014-08-20,sh.600511,24.9100,24.9700,24.7000,24.8600,24.9100,1463091,36360342.0000,-0.200700,SL,Down
2014-08-21,sh.600511,24.9700,25.0000,24.3200,24.8900,24.8600,1081160,26651515.0000,0.120700,HL,Up
2014-08-22,sh.600511,25.0000,25.5000,25.0000,25.4400,24.8900,2471319,62563649.0000,2.209700,HH,Up
2014-08-25,sh.600511,25.4400,26.4000,25.2300,26.0500,25.4400,4452041,115827664.0000,2.397800,SH,Up
2014-08-26,sh.600511,26.0000,26.1800,25.3000,25.5000,26.0500,2537137,65265079.0000,-2.111300,LL,Down
2014-08-27,sh.600511,25.5300,25.8800,25.2500,25.4500,25.5000,1203213,30668453.0000,-0.196100,HL,Down
2014-08-28,sh.600511,25.4500,25.7100,24.7100,24.8900,25.4500,1762032,44051681.0000,-2.200400,SL,Down
2014-08-29,sh.600511,24.7300,25.1200,24.7000,24.9200,24.8900,1767535,44103055.0000,0.120500,LH,Up
2014-09-01,sh.600511,25.0800,25.6800,24.8200,25.5900,24.9200,1922946,48623328.0000,2.688600,HH,Up
2014-09-02,sh.600511,25.5800,25.6400,25.1500,25.6000,25.5900,2797428,71059532.0000,0.039100,LH,Up
2014-09-03,sh.600511,25.6000,25.6000,24.9500,25.2600,25.6000,2868305,72331632.0000,-1.328100,SL,Down
2014-09-04,sh.600511,25.2900,25.4100,24.8700,25.1500,25.2600,4797266,120075611.0000,-0.435500,HL,Down
2014-09-05,sh.600511,25.2500,25.8500,24.9000,25.6100,25.1500,3549536,89511336.0000,1.829000,HH,Up
2014-09-09,sh.600511,25.6100,26.6700,25.2800,26.4400,25.6100,4389642,115190539.0000,3.240900,SH,Up
2014-09-10,sh.600511,26.4200,27.5100,26.3300,27.0100,26.4400,5744089,155306171.0000,2.155800,LH,Up
2014-09-11,sh.600511,26.9800,27.1500,26.3800,26.8300,27.0100,3093756,82952740.0000,-0.666400,LL,Down
2014-09-12,sh.600511,26.8600,26.8600,26.5900,26.8300,26.8300,1453041,38788353.0000,0.000000,HL,Smooth
2014-09-15,sh.600511,26.8000,27.4500,26.6000,27.4200,26.8300,4179594,113642015.0000,2.199000,LH,Up
2014-09-16,sh.600511,27.4300,27.4600,26.0400,26.4300,27.4200,3764978,100084335.0000,-3.610500,HL,Down
2014-09-17,sh.600511,26.4400,26.7000,25.5800,26.4000,26.4300,4845193,125800378.0000,-0.113500,HL,Down
2014-09-18,sh.600511,26.4600,27.3500,26.0800,26.9600,26.4000,4249076,114079447.0000,2.121200,HH,Up
2014-09-19,sh.600511,26.9600,27.6600,26.8200,27.6000,26.9600,4525910,123532027.0000,2.373900,SH,Up
2014-09-22,sh.600511,27.6900,27.6900,26.8000,27.2300,27.6000,2517445,68335829.0000,-1.340600,HL,Down
2014-09-23,sh.600511,27.2800,27.2800,26.5000,27.1400,27.2300,3184540,85531701.0000,-0.330500,HL,Down
2014-09-24,sh.600511,27.0000,27.6500,26.8100,27.3500,27.1400,3251232,89125258.0000,0.773800,LH,Up
2014-09-25,sh.600511,27.3200,27.4200,26.6800,26.8500,27.3500,2426915,65569907.0000,-1.828200,LL,Down
2014-09-26,sh.600511,26.8500,26.9700,26.4200,26.9400,26.8500,2230393,59345385.0000,0.335200,SH,Up
2014-09-29,sh.600511,26.9400,27.1600,26.6000,26.9400,26.9400,2442924,65554322.0000,0.000000,SS,Smooth
2014-09-30,sh.600511,26.9400,27.0000,26.6300,26.9500,26.9400,3004614,80497736.0000,0.037100,SH,Up
2014-10-08,sh.600511,26.9100,28.1000,26.8800,27.9900,26.9500,6076227,167535772.0000,3.859000,LH,Up
2014-10-09,sh.600511,27.9000,28.0000,27.5000,27.9100,27.9900,3157235,87678551.0000,-0.285800,LH,Down
2014-10-10,sh.600511,27.7800,28.1200,27.6100,27.8300,27.9100,2993600,83632061.0000,-0.286600,LH,Down
2014-10-13,sh.600511,27.8500,27.8500,26.7100,27.6000,27.8300,3571933,97076602.0000,-0.826400,HL,Down
2014-10-14,sh.600511,27.6000,27.6000,26.5000,26.5300,27.6000,4901516,131771789.0000,-3.876800,SL,Down
2014-10-15,sh.600511,26.6000,26.7300,25.8500,26.4700,26.5300,3730061,97862700.0000,-0.226200,HL,Down
2014-10-16,sh.600511,26.2000,27.3500,25.9000,26.2300,26.4700,4964385,133465919.0000,-0.906700,LH,Down
2014-10-17,sh.600511,26.0000,26.4800,25.4500,26.3400,26.2300,2561582,66453353.0000,0.419400,LH,Up
2014-10-20,sh.600511,26.3300,26.3800,26.0000,26.2600,26.3400,1911598,50088020.0000,-0.303700,LL,Down
2014-10-21,sh.600511,26.4400,26.4400,25.6800,26.0100,26.2600,2747286,71135913.0000,-0.952000,HL,Down
2014-10-22,sh.600511,26.0000,26.0500,25.5000,25.7800,26.0100,3906066,100320066.0000,-0.884300,LL,Down
2014-10-23,sh.600511,25.6900,25.8600,25.0700,25.2800,25.7800,2421859,61310048.0000,-1.939500,LL,Down
2014-10-24,sh.600511,25.3300,25.9400,25.3000,25.6600,25.2800,3034092,77985270.0000,1.503200,HH,Up
2014-10-27,sh.600511,25.6600,26.5200,25.6600,26.5000,25.6600,2132061,55596474.0000,3.273600,SH,Up
2014-10-28,sh.600511,26.4500,26.7500,26.2900,26.5700,26.5000,2158937,57305137.0000,0.264100,LH,Up
2014-10-29,sh.600511,26.5500,26.8500,26.3800,26.4800,26.5700,1610505,42799439.0000,-0.338700,LL,Down
2014-10-30,sh.600511,26.5600,27.3200,26.4100,27.1800,26.4800,3383854,91578474.0000,2.643500,HH,Up
2014-10-31,sh.600511,27.1500,27.3000,26.3300,26.9600,27.1800,3234019,86833771.0000,-0.809400,LL,Down
2014-11-03,sh.600511,27.0300,27.0300,26.3100,26.4200,26.9600,2215775,58709559.0000,-2.003000,HL,Down
2014-11-04,sh.600511,26.5200,26.5900,26.1100,26.4100,26.4200,2071941,54505868.0000,-0.037900,HL,Down
2014-11-05,sh.600511,26.4400,26.7000,25.9100,26.3900,26.4100,2689851,70586923.0000,-0.075700,HL,Down
2014-11-06,sh.600511,26.4000,27.6500,26.1100,27.5000,26.3900,5938762,161330841.0000,4.206100,HH,Up
2014-11-07,sh.600511,27.7200,29.1500,27.0000,27.9600,27.5000,8688308,245717058.0000,1.672700,HH,Up
2014-11-10,sh.600511,27.8500,29.0100,27.6500,28.4900,27.9600,3960203,113059281.0000,1.895600,LH,Up
2014-11-11,sh.600511,28.4400,28.5000,27.0300,27.6600,28.4900,2755555,76314408.0000,-2.913300,LL,Down
2014-11-12,sh.600511,27.2300,28.0300,27.2000,27.8300,27.6600,1492710,41286253.0000,0.614600,LH,Up
2014-11-13,sh.600511,27.5500,27.6700,26.5800,27.1000,27.8300,2201390,59263671.0000,-2.623100,LL,Down
2014-11-14,sh.600511,27.0000,27.4500,26.7100,26.8700,27.1000,1031090,27868777.0000,-0.848700,LL,Down
2014-11-17,sh.600511,27.4000,27.8400,27.0100,27.3000,26.8700,1422328,38978004.0000,1.600300,HL,Up
2014-11-18,sh.600511,27.2500,27.4800,26.5700,27.4200,27.3000,1866479,50300289.0000,0.439600,LH,Up
2014-11-19,sh.600511,27.0500,27.5700,27.0500,27.2000,27.4200,1322860,36090844.0000,-0.802300,LH,Down
2014-11-20,sh.600511,27.0800,27.4000,26.8100,26.8800,27.2000,2194540,59408417.0000,-1.176500,LL,Down
2014-11-21,sh.600511,26.8800,27.0900,26.7100,26.8800,26.8800,2041326,54764666.0000,0.000000,SS,Smooth
2014-11-24,sh.600511,26.8800,27.1000,26.4000,26.5000,26.8800,5059750,134932387.0000,-1.413700,SL,Down
2014-11-25,sh.600511,26.4900,27.1100,26.4600,27.0500,26.5000,4991356,133918418.0000,2.075500,LH,Up
2014-11-26,sh.600511,27.0000,27.8800,26.9900,27.5700,27.0500,3328096,91456670.0000,1.922400,LH,Up
2014-11-27,sh.600511,27.6500,27.8000,27.0800,27.5300,27.5700,2634720,71995535.0000,-0.145100,HL,Down
2014-11-28,sh.600511,27.4900,28.9100,27.2800,28.8100,27.5300,8269233,234781044.0000,4.649500,LH,Up
2014-12-01,sh.600511,28.5000,29.1400,27.8800,29.0000,28.8100,5358559,152769537.0000,0.659500,LH,Up
2014-12-02,sh.600511,28.8000,30.0000,28.6000,29.7500,29.0000,5073801,150498424.0000,2.586200,LH,Up
2014-12-03,sh.600511,29.5000,29.9800,29.0000,29.7300,29.7500,3311292,97713012.0000,-0.067200,LH,Down
2014-12-04,sh.600511,29.6000,30.1800,28.9000,29.7100,29.7300,4916975,145133288.0000,-0.067300,LH,Down
2014-12-05,sh.600511,29.9000,32.1800,29.5000,31.2200,29.7100,8241245,254080535.0000,5.082500,HH,Up
2014-12-08,sh.600511,30.9900,32.1800,29.5000,31.8200,31.2200,8060236,247957404.0000,1.921800,LH,Up
2014-12-09,sh.600511,31.0500,32.9900,28.6400,29.5000,31.8200,6052974,186542622.0000,-7.291000,LL,Down
2014-12-10,sh.600511,29.0000,30.5000,28.3300,30.4200,29.5000,4387733,130717086.0000,3.118600,LH,Up
2014-12-11,sh.600511,30.4300,31.0000,29.7800,30.3100,30.4200,3878009,117634014.0000,-0.361600,HL,Down
2014-12-12,sh.600511,30.3100,30.5100,29.3800,30.3700,30.3100,4343535,129534665.0000,0.198000,SH,Up
2014-12-15,sh.600511,30.2400,33.4100,30.0100,32.9100,30.3700,6082578,196609057.0000,8.363500,LH,Up
2014-12-16,sh.600511,32.8000,35.0000,32.3500,33.1800,32.9100,5495193,183992598.0000,0.820400,LH,Up
2014-12-17,sh.600511,32.9300,32.9300,31.0000,31.8100,33.1800,5039823,160366253.0000,-4.129000,LL,Down
2014-12-18,sh.600511,31.5000,33.0500,31.1100,32.0900,31.8100,4570742,147529304.0000,0.880200,LH,Up
2014-12-19,sh.600511,31.8000,32.2000,30.6000,31.7800,32.0900,3472256,108536580.0000,-0.966000,LL,Down
2014-12-22,sh.600511,31.0200,31.4900,29.8000,30.8200,31.7800,4388499,133855601.0000,-3.020800,LL,Down
2014-12-23,sh.600511,30.8500,31.4600,29.5600,29.7800,30.8200,2193169,66607948.0000,-3.374400,HL,Down
2014-12-24,sh.600511,29.9100,30.1700,29.0000,29.5800,29.7800,2465706,72733757.0000,-0.671600,HL,Down
2014-12-25,sh.600511,29.5900,31.9000,29.5900,30.8800,29.5800,3588334,110824993.0000,4.394900,HH,Up
2014-12-26,sh.600511,30.9100,31.3000,30.2000,30.8400,30.8800,1491733,46041322.0000,-0.129500,HL,Down
2014-12-29,sh.600511,31.2900,31.2900,29.8900,31.1000,30.8400,3274842,99703585.0000,0.843100,HL,Up
2014-12-30,sh.600511,31.1700,31.1700,29.9000,30.2200,31.1000,3073623,93257975.0000,-2.829600,HL,Down
2014-12-31,sh.600511,30.0200,31.1000,29.8400,30.9900,30.2200,4212302,128359157.0000,2.548000,LH,Up
2015-01-05,sh.600511,30.9900,32.3500,30.5800,31.4200,30.9900,3892187,121839223.0000,1.387500,SH,Up
2015-01-06,sh.600511,31.3600,32.4900,30.2200,32.2000,31.4200,6398283,202571071.0000,2.482500,LH,Up
2015-01-07,sh.600511,32.1600,32.7800,31.6800,32.1500,32.2000,4269143,137564559.0000,-0.155300,LL,Down
2015-01-08,sh.600511,32.1500,33.9400,32.0100,32.9700,32.1500,4752821,156803044.0000,2.550500,SH,Up
2015-01-09,sh.600511,33.0800,35.1800,33.0800,33.3200,32.9700,6860542,233845070.0000,1.061600,HH,Up
2015-01-12,sh.600511,32.6000,34.8000,32.5400,33.9000,33.3200,4848427,164503531.0000,1.740700,LH,Up
2015-01-13,sh.600511,33.5000,34.9800,33.4500,34.3200,33.9000,2624755,90316083.0000,1.238900,LH,Up
2015-01-14,sh.600511,34.1400,34.1600,32.5500,32.5900,34.3200,4192895,138189045.0000,-5.040800,LL,Down
2015-01-15,sh.600511,32.8500,32.9700,31.7900,32.2800,32.5900,2598592,83321950.0000,-0.951200,HL,Down
2015-01-16,sh.600511,32.0700,32.5500,31.2000,31.7300,32.2800,6602285,208823035.0000,-1.703800,LL,Down
2015-01-19,sh.600511,31.4800,33.5000,30.5000,31.3100,31.7300,9168029,292828928.0000,-1.323700,LL,Down
2015-01-20,sh.600511,31.9900,32.4500,30.9900,31.5900,31.3100,8458728,265832274.0000,0.894300,HL,Up
2015-01-21,sh.600511,31.6500,33.4600,31.6500,33.1700,31.5900,11996968,394211312.0000,5.001600,HH,Up
2015-01-22,sh.600511,33.6000,34.8000,33.3900,34.2000,33.1700,8129778,275644304.0000,3.105200,HH,Up
2015-01-23,sh.600511,34.0000,34.0800,32.9000,33.3700,34.2000,4495073,149759613.0000,-2.426900,LL,Down
2015-01-26,sh.600511,33.4100,33.8800,33.1000,33.5700,33.3700,4217350,141307574.0000,0.599300,HH,Up
2015-01-27,sh.600511,33.5100,34.2800,32.8400,34.2600,33.5700,6370975,214256431.0000,2.055400,LH,Up
2015-01-28,sh.600511,34.3000,34.9800,33.2000,33.6000,34.2600,4230160,144255601.0000,-1.926400,HL,Down
2015-01-29,sh.600511,33.0100,33.2400,32.1500,32.1600,33.6000,3602521,117455000.0000,-4.285700,LL,Down
2015-01-30,sh.600511,32.2000,32.4400,31.3800,32.0000,32.1600,3006499,96169052.0000,-0.497500,HL,Down
2015-02-02,sh.600511,32.0000,33.1000,31.5200,32.4500,32.0000,4186217,136175854.0000,1.406300,SH,Up
2015-02-03,sh.600511,32.3300,33.2000,32.2800,33.0500,32.4500,2940947,96695820.0000,1.849000,LH,Up
2015-02-04,sh.600511,33.0000,33.0000,31.5600,32.0700,33.0500,4844395,155284033.0000,-2.965200,LL,Down
2015-02-05,sh.600511,32.1800,32.2800,30.9500,31.1900,32.0700,5528600,174106143.0000,-2.744000,HL,Down
2015-02-06,sh.600511,34.3100,34.3100,33.4000,34.3100,31.1900,11843520,405283360.0000,10.003200,HS,Up
2015-02-09,sh.600511,34.3800,34.5000,31.6800,32.8800,34.3100,10881906,361389856.0000,-4.167900,HL,Down
2015-02-10,sh.600511,31.9000,32.4800,31.1000,32.0800,32.8800,8330040,263856340.0000,-2.433100,LH,Down
2015-02-11,sh.600511,32.0800,32.4000,31.6100,32.0000,32.0800,4789545,153141635.0000,-0.249400,SL,Down
2015-02-12,sh.600511,31.7900,32.4500,31.5100,32.0900,32.0000,4140433,132192963.0000,0.281300,LH,Up
2015-02-13,sh.600511,32.3000,32.6500,32.0800,32.1800,32.0900,6005236,193689228.0000,0.280500,HL,Up
2015-02-16,sh.600511,32.1300,32.1500,31.7800,32.0900,32.1800,3330896,106371501.0000,-0.279700,LL,Down
2015-02-17,sh.600511,32.2000,32.6800,32.0700,32.4100,32.0900,4230909,136685951.0000,0.997200,HH,Up
2015-02-25,sh.600511,32.1300,33.4800,32.0000,33.1400,32.4100,4965848,162175570.0000,2.252400,LH,Up
2015-02-26,sh.600511,33.0900,33.2700,32.7200,32.9900,33.1400,2845015,93917574.0000,-0.452600,LL,Down
2015-02-27,sh.600511,32.9800,33.1700,32.6900,32.9300,32.9900,3871344,127423621.0000,-0.181900,LL,Down
2015-03-02,sh.600511,32.9300,32.9300,32.1600,32.5800,32.9300,6660190,215831171.0000,-1.062900,SL,Down
2015-03-03,sh.600511,32.5400,32.5400,31.4000,31.5000,32.5800,9346241,298312816.0000,-3.314900,LL,Down
2015-03-04,sh.600511,31.4000,31.8300,31.1000,31.8000,31.5000,6400927,201508378.0000,0.952400,LH,Up
2015-03-05,sh.600511,31.8800,32.2200,31.4000,31.5800,31.8000,6443565,205001258.0000,-0.691800,HL,Down
2015-03-06,sh.600511,31.4100,31.7900,31.3100,31.4100,31.5800,3169103,99650497.0000,-0.538300,LS,Down
2015-03-09,sh.600511,31.4000,31.4300,30.7000,31.2600,31.4100,7308295,225879283.0000,-0.477600,LL,Down
2015-03-10,sh.600511,31.3000,31.4700,30.8500,31.2700,31.2600,4716305,147035551.0000,0.032000,HL,Up
2015-03-11,sh.600511,31.3400,31.4700,30.9000,31.4400,31.2700,5869928,183081995.0000,0.543700,HH,Up
2015-03-12,sh.600511,31.4600,31.7000,31.0500,31.1800,31.4400,5158796,161719836.0000,-0.827000,HL,Down
2015-03-13,sh.600511,31.3400,31.3500,31.0100,31.2800,31.1800,3995566,124387957.0000,0.320700,HL,Up
2015-03-16,sh.600511,31.2800,32.2400,31.2800,32.0500,31.2800,10037206,319725296.0000,2.461600,SH,Up
2015-03-17,sh.600511,32.2200,34.1700,32.0000,33.4800,32.0500,16607621,553618960.0000,4.461800,HH,Up
2015-03-18,sh.600511,33.2800,33.4800,32.7200,33.2700,33.4800,8288214,273756848.0000,-0.627200,LL,Down
2015-03-19,sh.600511,33.2700,33.3000,32.6000,32.7500,33.2700,7744118,253870669.0000,-1.563000,SL,Down
2015-03-20,sh.600511,32.9000,32.9600,32.2800,32.7100,32.7500,7348541,238998395.0000,-0.122100,HL,Down
2015-03-23,sh.600511,32.5000,33.0500,32.1600,32.9200,32.7100,12818213,418178144.0000,0.642000,LH,Up
2015-03-24,sh.600511,33.3000,34.0500,32.6800,33.7500,32.9200,18744919,627728656.0000,2.521300,HH,Up
2015-03-25,sh.600511,33.8800,37.1300,33.1300,35.5000,33.7500,21246743,737485136.0000,5.185200,HH,Up
2015-03-26,sh.600511,35.5500,36.8700,34.6300,35.6600,35.5000,14056844,503371968.0000,0.450700,HH,Up
2015-03-27,sh.600511,35.2400,35.6500,34.6800,35.3200,35.6600,8179908,287857840.0000,-0.953400,LH,Down
2015-03-30,sh.600511,35.3000,35.5000,35.1100,35.4600,35.3200,7884897,278565168.0000,0.396400,LH,Up
2015-03-31,sh.600511,35.6000,36.8600,35.3500,35.4900,35.4600,9088707,327148368.0000,0.084600,HL,Up
2015-04-01,sh.600511,35.1000,35.5100,34.6200,35.4900,35.4900,12637408,443374304.0000,0.000000,LH,Smooth
2015-04-02,sh.600511,35.6500,36.5800,35.0100,35.4600,35.4900,9805628,350167104.0000,-0.084500,HL,Down
2015-04-03,sh.600511,35.4000,35.9800,35.0000,35.7400,35.4600,8806882,313223824.0000,0.789600,LH,Up
2015-04-07,sh.600511,35.8500,36.6500,35.5500,36.5300,35.7400,13512718,488362864.0000,2.210400,HH,Up
2015-04-08,sh.600511,36.8100,36.9700,35.1500,35.4200,36.5300,12121996,435402992.0000,-3.038600,HL,Down
2015-04-09,sh.600511,35.2000,37.0000,33.3000,35.6600,35.4200,14505849,508363760.0000,0.677600,LH,Up
2015-04-10,sh.600511,35.3900,39.0000,35.0100,38.4400,35.6600,21297079,798635472.0000,7.795800,LH,Up
2015-04-13,sh.600511,38.4400,41.5500,38.0200,40.0100,38.4400,18770813,754013152.0000,4.084300,SH,Up
2015-04-14,sh.600511,39.4600,39.9800,38.0200,38.6800,40.0100,11667842,454149104.0000,-3.324200,LL,Down
2015-04-15,sh.600511,38.4600,38.5000,36.5000,36.8000,38.6800,11456090,427932768.0000,-4.860400,LL,Down
2015-04-16,sh.600511,36.1800,37.9000,35.8000,37.8200,36.8000,7947706,295991840.0000,2.771700,LH,Up
2015-04-17,sh.600511,38.1100,39.9800,37.8600,37.8900,37.8200,11776517,455690368.0000,0.185100,HL,Up
2015-04-20,sh.600511,37.9900,38.0700,36.2100,36.2900,37.8900,9871575,363474624.0000,-4.222700,HL,Down
2015-04-21,sh.600511,36.1000,38.2900,35.8400,37.9500,36.2900,8332138,311362400.0000,4.574300,LH,Up
2015-04-22,sh.600511,38.0000,39.9800,38.0000,39.3900,37.9500,11651831,452247008.0000,3.794500,HH,Up
2015-04-23,sh.600511,39.0000,39.8800,38.2600,38.6300,39.3900,8968057,348342176.0000,-1.929400,LL,Down
2015-04-24,sh.600511,37.9600,39.2900,37.5100,38.9800,38.6300,7957221,307815456.0000,0.906000,LH,Up
2015-04-27,sh.600511,39.2300,40.0000,38.3300,39.6300,38.9800,9801369,383588016.0000,1.667500,HH,Up
2015-04-28,sh.600511,39.6500,39.9400,38.0000,38.3100,39.6300,7554798,292113312.0000,-3.330800,HL,Down
2015-04-29,sh.600511,38.7000,38.7500,37.6700,38.2200,38.3100,6536926,249493222.0000,-0.234900,HL,Down
2015-04-30,sh.600511,38.2500,38.5600,37.7100,37.8700,38.2200,6944521,264396467.0000,-0.915800,HL,Down
2015-05-04,sh.600511,38.0000,38.0000,37.0200,37.3900,37.8700,6462422,241770708.0000,-1.267500,HL,Down
2015-05-05,sh.600511,37.6000,38.3500,36.0000,36.5000,37.3900,6637705,247561675.0000,-2.380300,HL,Down
2015-05-06,sh.600511,37.6800,38.0000,36.5200,36.6900,36.5000,8632038,323262368.0000,0.520500,HL,Up
2015-05-07,sh.600511,36.5000,37.3500,36.1000,36.6300,36.6900,5274136,193892222.0000,-0.163500,LH,Down
2015-05-08,sh.600511,37.0000,37.6000,36.6900,37.3500,36.6300,6020784,223905492.0000,1.965600,HH,Up
2015-05-11,sh.600511,37.5900,38.5900,36.8000,38.1800,37.3500,9702866,365722976.0000,2.222200,HH,Up
2015-05-12,sh.600511,38.2200,40.2900,37.7500,39.9600,38.1800,16430610,639789184.0000,4.662100,HH,Up
2015-05-13,sh.600511,39.6600,40.5000,38.4800,38.9100,39.9600,12583718,494682464.0000,-2.627600,LL,Down
2015-05-14,sh.600511,38.9900,39.3200,38.3000,38.5600,38.9100,8125167,314020976.0000,-0.899500,HL,Down
2015-05-15,sh.600511,38.6000,39.3500,38.0200,39.0600,38.5600,9463577,366231488.0000,1.296700,HH,Up
2015-05-18,sh.600511,39.5000,41.5800,39.5000,40.4900,39.0600,15984665,652437008.0000,3.661000,HH,Up
2015-05-19,sh.600511,40.3700,42.1600,39.6500,41.4400,40.4900,11660505,476667728.0000,2.346300,LH,Up
2015-05-20,sh.600511,41.6300,44.5000,41.6300,42.2900,41.4400,12330573,532164848.0000,2.051200,HH,Up
2015-05-21,sh.600511,42.2400,43.5600,41.7800,43.3000,42.2900,9394889,398529376.0000,2.388300,LH,Up
2015-05-22,sh.600511,43.2800,43.9900,42.0700,43.6800,43.3000,10285436,443420688.0000,0.877600,LH,Up
2015-05-25,sh.600511,43.0100,46.9000,42.8200,44.8800,43.6800,12485484,556954704.0000,2.747300,LH,Up
2015-05-26,sh.600511,44.8000,47.0200,44.7700,46.8300,44.8800,9380779,432432256.0000,4.344900,LH,Up
2015-05-27,sh.600511,46.8100,47.9800,45.2800,46.1600,46.8300,11816360,549183008.0000,-1.430700,LL,Down
2015-05-28,sh.600511,45.6100,46.0000,41.5400,41.6400,46.1600,14359710,629503824.0000,-9.792000,LL,Down
2015-05-29,sh.600511,41.5900,43.4100,40.6200,41.4500,41.6400,9424349,395151056.0000,-0.456300,LL,Down
2015-06-01,sh.600511,41.9800,43.4000,41.9000,43.2400,41.4500,12013382,511983728.0000,4.318500,HH,Up
2015-06-02,sh.600511,43.2400,43.9700,42.5200,43.8000,43.2400,11298114,487837440.0000,1.295100,SH,Up
2015-06-03,sh.600511,44.0200,45.4500,43.3000,45.0800,43.8000,9724932,433841792.0000,2.922400,HH,Up
2015-06-04,sh.600511,45.6200,45.6700,40.9700,43.6300,45.0800,8993473,390931136.0000,-3.216500,HL,Down
2015-06-05,sh.600511,44.3000,47.5500,43.5500,47.0100,43.6300,20602836,931138288.0000,7.747000,HH,Up
2015-06-08,sh.600511,47.0000,50.7000,47.0000,49.2000,47.0100,22147267,1083381104.0000,4.658600,SH,Up
2015-06-09,sh.600511,48.5500,48.8800,47.2100,47.6800,49.2000,7225445,345762048.0000,-3.089400,LL,Down
2015-06-10,sh.600511,47.5400,48.8000,46.5000,48.0700,47.6800,9269811,445091120.0000,0.818000,LH,Up
2015-06-11,sh.600511,47.9500,48.3800,46.6500,46.9700,48.0700,11223184,527857024.0000,-2.288300,LL,Down
2015-06-12,sh.600511,47.2000,48.9700,47.1100,47.8800,46.9700,12214990,586669200.0000,1.937400,HH,Up
2015-06-15,sh.600511,47.9000,49.8000,46.8600,47.1900,47.8800,9200789,444751936.0000,-1.441100,HL,Down
2015-06-16,sh.600511,46.5000,47.0200,43.9800,45.3500,47.1900,7031847,319220160.0000,-3.899100,LL,Down
2015-06-17,sh.600511,45.0000,49.8900,44.0500,49.8900,45.3500,14329302,682452288.0000,10.011000,LH,Up
2015-06-18,sh.600511,50.5000,52.8800,47.0000,47.6400,49.8900,19796614,1002032160.0000,-4.509900,HL,Down
2015-06-19,sh.600511,46.1000,48.2000,45.0100,45.9900,47.6400,11742651,547023808.0000,-3.463500,LL,Down
2015-06-23,sh.600511,45.3200,50.5900,44.5500,50.5900,45.9900,15430171,737256304.0000,10.002200,LH,Up
2015-06-24,sh.600511,52.3800,55.6500,51.6600,55.6500,50.5900,25228268,1361399296.0000,10.002000,HH,Up
2015-06-25,sh.600511,55.5800,57.9900,51.5100,55.6700,55.6500,21733747,1205031488.0000,0.035900,LH,Up
2015-06-26,sh.600511,52.3000,55.5600,50.0100,50.0100,55.5700,18192533,941719776.0000,-10.005400,LL,Down
2015-06-29,sh.600511,52.0000,52.8200,45.0100,48.9700,50.0100,24319850,1196636976.0000,-2.079600,HL,Down
2015-06-30,sh.600511,47.7200,53.2000,44.1100,50.3900,48.9700,21313718,1036946912.0000,2.899700,LH,Up
2015-07-01,sh.600511,49.0000,49.8800,45.3500,45.3500,50.3900,17746041,846872736.0000,-10.002000,LL,Down
2015-07-02,sh.600511,43.8500,43.8500,40.8200,40.8200,45.3500,13374713,556431264.0000,-9.989000,LL,Down
2015-07-03,sh.600511,36.7400,39.9000,36.7400,36.7400,40.8200,14515508,542626288.0000,-9.995100,LS,Down
2015-07-06,sh.600511,40.4100,40.4100,33.0700,35.0700,36.7400,23148288,833081472.0000,-4.545500,HL,Down
2015-07-07,sh.600511,33.8000,33.8000,31.5600,31.5600,35.0700,13038876,418093776.0000,-10.008600,LL,Down
2015-07-08,sh.600511,28.4000,31.5700,28.4000,29.5200,31.5600,33615336,989029856.0000,-6.463900,LH,Down
2015-07-09,sh.600511,28.3500,32.4700,28.3500,32.4700,29.5200,11326078,361136512.0000,9.993200,LH,Up
2015-07-10,sh.600511,35.5000,35.7200,33.5200,35.7200,32.4700,6917068,246154377.0000,10.009200,HH,Up
2015-07-13,sh.600511,38.0000,39.2900,36.8000,39.2900,35.7200,8925279,340584752.0000,9.994400,HH,Up
2015-07-14,sh.600511,40.0000,42.3000,38.9800,39.0200,39.2900,13728553,553733296.0000,-0.687200,HL,Down
2015-07-15,sh.600511,38.0000,38.5000,35.1200,35.1200,39.0200,8788557,320660672.0000,-9.994900,LL,Down
2015-07-16,sh.600511,35.1200,37.9400,33.0000,36.6500,35.1200,9550401,348156464.0000,4.356500,SH,Up
2015-07-17,sh.600511,36.8800,39.4500,36.8800,39.0900,36.6500,7563791,292178560.0000,6.657600,HH,Up
2015-07-20,sh.600511,39.5900,41.4600,38.6600,40.1200,39.0900,9382779,377579280.0000,2.634900,HH,Up
2015-07-21,sh.600511,39.8900,43.8000,38.8000,42.0900,40.1200,8252415,342757360.0000,4.910300,LH,Up
2015-07-22,sh.600511,42.2500,46.3000,40.3700,46.3000,42.0900,16513548,718522736.0000,10.002400,HH,Up
2015-07-23,sh.600511,46.6000,50.5000,45.6600,47.4300,46.3000,16896709,809882368.0000,2.440600,HH,Up
2015-07-24,sh.600511,46.7200,48.4000,43.0000,44.5400,47.4300,19347292,885521056.0000,-6.093200,LL,Down
2015-07-27,sh.600511,42.9800,46.8000,40.0900,40.0900,44.5400,17182409,760137792.0000,-9.991000,LL,Down
2015-07-28,sh.600511,38.9900,41.8100,36.3000,39.7600,40.0900,14935888,587833920.0000,-0.823200,LH,Down
2015-07-29,sh.600511,40.4300,42.5400,38.3000,42.0900,39.7600,11437416,457225072.0000,5.860200,HH,Up
2015-07-30,sh.600511,41.8000,43.7400,39.5500,40.5200,42.0900,11324063,478401472.0000,-3.730100,LL,Down
2015-07-31,sh.600511,39.7000,41.3800,38.5000,39.2900,40.5200,7068892,283563376.0000,-3.035500,LL,Down
2015-08-03,sh.600511,38.7600,39.3000,35.7600,36.6700,39.2900,10329284,381412080.0000,-6.668400,LL,Down
2015-08-04,sh.600511,37.0100,40.1200,36.5500,40.0700,36.6700,9036494,348457376.0000,9.271900,HH,Up
2015-08-05,sh.600511,40.1000,42.4400,38.9800,40.5100,40.0700,11718520,476142208.0000,1.098100,HH,Up
2015-08-06,sh.600511,39.0000,40.5000,38.1800,39.0200,40.5100,5703999,225046275.0000,-3.678100,LH,Down
2015-08-07,sh.600511,39.6500,40.8000,39.6500,40.3300,39.0200,7179694,289551216.0000,3.357300,HH,Up
2015-08-10,sh.600511,41.5100,44.3600,41.5100,44.3600,40.3300,12860196,558878384.0000,9.992600,HH,Up
2015-08-11,sh.600511,44.0000,48.3600,43.5800,45.7300,44.3600,14585942,658978544.0000,3.088400,LH,Up
2015-08-12,sh.600511,45.2600,48.9500,44.7600,46.2800,45.7300,14577366,686587088.0000,1.202700,LH,Up
2015-08-13,sh.600511,45.7500,47.4800,44.3200,46.4000,46.2800,10580628,484694560.0000,0.259300,LH,Up
2015-08-14,sh.600511,46.8300,48.8000,45.9900,48.5000,46.4000,13261255,626963616.0000,4.525900,HH,Up
2015-08-17,sh.600511,48.0000,49.5000,46.7800,47.7500,48.5000,16194190,776874064.0000,-1.546400,LL,Down
2015-08-18,sh.600511,47.5000,47.5500,42.9800,42.9800,47.7500,14140293,628059344.0000,-9.989500,LL,Down
2015-08-19,sh.600511,40.5000,43.2500,38.6800,42.1300,42.9800,14407820,585870576.0000,-1.977700,LH,Down
2015-08-20,sh.600511,41.0100,41.3800,38.6800,38.7600,42.1300,14341761,570826464.0000,-7.999100,LL,Down
2015-08-21,sh.600511,37.7300,38.7600,35.9600,36.1600,38.7600,10544227,391114160.0000,-6.707900,LL,Down
2015-08-24,sh.600511,34.1000,34.1500,32.5400,32.5400,36.1600,13669514,445973568.0000,-10.011100,LL,Down
2015-08-25,sh.600511,29.3000,32.0000,29.2900,29.3000,32.5400,14953605,452023776.0000,-9.957000,LS,Down
2015-08-26,sh.600511,30.2000,31.6000,28.0500,29.9700,29.3000,12002376,363097264.0000,2.286700,HL,Up
2015-08-27,sh.600511,30.8000,32.9700,30.3000,32.9700,29.9700,11438695,360007120.0000,10.010000,HH,Up
2015-08-28,sh.600511,34.1300,36.0000,33.8100,35.9900,32.9700,10746546,375045488.0000,9.159800,HH,Up
2015-08-31,sh.600511,35.3000,35.3000,32.6600,33.0600,35.9900,8539691,292674144.0000,-8.141200,LL,Down
2015-09-01,sh.600511,33.1100,33.9600,29.7600,29.9000,33.0600,11651476,369862928.0000,-9.558400,HL,Down
2015-09-02,sh.600511,28.5100,31.3900,28.0500,30.7400,29.9000,12330554,371621792.0000,2.809400,LH,Up
2015-09-07,sh.600511,31.0000,32.6700,30.9200,31.2900,30.7400,6695300,213582283.0000,1.789200,HH,Up
2015-09-08,sh.600511,30.7500,33.4900,30.7100,33.0600,31.2900,5338559,169852432.0000,5.656800,LH,Up
2015-09-09,sh.600511,33.3000,34.1500,32.2200,33.5600,33.0600,8435243,282567904.0000,1.512400,HH,Up
2015-09-10,sh.600511,33.7400,34.9700,33.5100,33.5700,33.5600,8564298,293533696.0000,0.029800,HL,Smooth
2015-09-11,sh.600511,33.1600,33.7100,32.3600,33.2100,33.5700,6798064,223715110.0000,-1.072400,LH,Down
2015-09-14,sh.600511,34.4700,34.8800,29.8900,29.9000,33.2100,10913383,352421264.0000,-9.966900,HL,Down
2015-09-15,sh.600511,29.2900,29.3500,28.0000,28.0800,29.9000,7292177,208263314.0000,-6.087000,LL,Down
2015-09-16,sh.600511,28.1500,30.8000,28.1500,30.7000,28.0800,5922797,173822186.0000,9.330500,HH,Up
2015-09-17,sh.600511,30.1400,30.9900,29.2000,29.4200,30.7000,6661162,201550370.0000,-4.169400,LL,Down
2015-09-18,sh.600511,29.7300,29.9000,28.7000,29.4900,29.4200,4333356,126871826.0000,0.237900,HL,Up
2015-09-21,sh.600511,29.4000,30.4700,29.0300,30.3800,29.4900,4728059,141623533.0000,3.018000,LH,Up
2015-09-22,sh.600511,30.4600,30.8800,29.7000,30.3300,30.3800,5400604,164154491.0000,-0.164600,HL,Down
2015-09-23,sh.600511,29.8000,30.0000,29.2800,29.6300,30.3300,5413063,160387046.0000,-2.307900,LL,Down
2015-09-24,sh.600511,29.6500,30.1800,29.4100,29.9000,29.6300,3890232,116008193.0000,0.911200,HH,Up
2015-09-25,sh.600511,30.3600,31.3300,29.9000,30.1300,29.9000,10102031,309527472.0000,0.769200,HL,Up
2015-09-28,sh.600511,29.8300,30.1000,28.7200,29.9800,30.1300,5425795,159670435.0000,-0.497800,LH,Down
2015-09-29,sh.600511,29.0500,29.5600,28.7900,29.1300,29.9800,4158820,120891513.0000,-2.835200,LH,Down
2015-09-30,sh.600511,29.0000,29.4600,28.8900,29.3300,29.1300,2806284,81919458.0000,0.686600,LH,Up
2015-10-08,sh.600511,30.3600,30.8300,30.1800,30.6000,29.3300,5314121,162170673.0000,4.330000,HH,Up
2015-10-09,sh.600511,30.7000,30.7700,30.3000,30.6600,30.6000,4422090,135141555.0000,0.196100,HL,Up
2015-10-12,sh.600511,30.8800,33.1700,30.8800,32.2400,30.6600,9263016,298374976.0000,5.153300,HH,Up
2015-10-13,sh.600511,32.0000,32.9600,31.8600,32.6700,32.2400,5359591,174320740.0000,1.333700,LH,Up
2015-10-14,sh.600511,32.6800,32.9800,32.1100,32.1700,32.6700,4281383,138501680.0000,-1.530500,HL,Down
2015-10-15,sh.600511,32.0100,33.6600,32.0000,33.4500,32.1700,8561357,283587184.0000,3.978900,LH,Up
2015-10-16,sh.600511,34.0000,35.8600,33.8800,34.6300,33.4500,9275422,323429488.0000,3.527700,HH,Up
2015-10-19,sh.600511,34.9900,34.9900,33.3300,33.8300,34.6300,6997419,239113777.0000,-2.310100,HL,Down
2015-10-20,sh.600511,33.8400,34.8500,33.8100,34.7300,33.8300,10385625,355007072.0000,2.660400,SH,Up
2015-10-21,sh.600511,37.0000,37.9000,34.4000,34.8200,34.7300,22228764,805762528.0000,0.259100,HL,Up
2015-10-22,sh.600511,34.1500,36.9500,34.1500,36.7800,34.8200,11234196,399807840.0000,5.628900,LH,Up
2015-10-23,sh.600511,37.1000,37.5000,35.7000,36.3600,36.7800,14128951,514875760.0000,-1.141900,HL,Down
2015-10-26,sh.600511,36.9000,36.9200,34.9500,35.2500,36.3600,12444546,440676704.0000,-3.052800,HL,Down
2015-10-27,sh.600511,35.0100,35.0100,33.0000,34.5900,35.2500,11790317,400491504.0000,-1.872300,LL,Down
2015-10-28,sh.600511,34.0000,34.4200,33.2100,33.3700,34.5900,6552298,221614763.0000,-3.527000,LL,Down
2015-10-29,sh.600511,33.7900,34.5300,33.4600,33.9100,33.3700,6406698,217811602.0000,1.618200,HH,Up
2015-10-30,sh.600511,33.9500,34.1000,33.0900,33.6700,33.9100,4956937,166755889.0000,-0.707800,HL,Down
2015-11-02,sh.600511,33.2100,33.5800,32.8600,32.9500,33.6700,4598291,152454349.0000,-2.138400,LL,Down
2015-11-03,sh.600511,32.9600,33.2400,32.3100,32.5200,32.9500,4572795,149311670.0000,-1.305000,HL,Down
2015-11-04,sh.600511,32.7900,34.5000,32.7600,34.4900,32.5200,10203117,344570928.0000,6.057800,HH,Up
2015-11-05,sh.600511,34.3900,35.5800,34.1100,34.8100,34.4900,11270704,393414304.0000,0.927800,LH,Up
2015-11-06,sh.600511,34.7900,35.1000,34.5100,35.0500,34.8100,9754317,340257840.0000,0.689500,LH,Up
2015-11-09,sh.600511,34.6000,36.7000,34.0000,35.5400,35.0500,15071716,534179200.0000,1.398000,LH,Up
2015-11-10,sh.600511,35.5000,35.9900,34.8000,35.0900,35.5400,8363697,294436576.0000,-1.266200,LL,Down
2015-11-11,sh.600511,34.9500,35.2800,34.8000,35.1600,35.0900,8166545,286249296.0000,0.199500,LH,Up
2015-11-12,sh.600511,35.3500,35.6500,33.7800,34.2300,35.1600,9319700,321736800.0000,-2.645100,HL,Down
2015-11-13,sh.600511,33.7900,34.1600,33.2800,33.3500,34.2300,7734402,260024798.0000,-2.570800,LL,Down
2015-11-16,sh.600511,32.7600,33.6800,32.6100,33.6500,33.3500,4618514,153497521.0000,0.899600,LH,Up
2015-11-17,sh.600511,33.8100,34.2000,33.4800,33.5300,33.6500,5797076,196627518.0000,-0.356600,HL,Down
2015-11-18,sh.600511,33.5200,34.2200,33.0600,33.1900,33.5300,5036243,169085910.0000,-1.014000,SL,Down
2015-11-19,sh.600511,33.3000,33.8000,33.1300,33.7500,33.1900,3672409,122899454.0000,1.687300,HH,Up
2015-11-20,sh.600511,33.7500,34.1000,33.6000,34.0400,33.7500,4933086,167423272.0000,0.859300,SH,Up
2015-11-23,sh.600511,33.8500,34.2900,33.4400,33.5400,34.0400,5259457,178341080.0000,-1.468900,LL,Down
2015-11-24,sh.600511,33.6500,33.6500,32.8000,33.2100,33.5400,5444559,179712840.0000,-0.983900,HL,Down
2015-11-25,sh.600511,33.1600,33.6600,32.9000,33.4000,33.2100,7918719,263142655.0000,0.572100,LH,Up
2015-11-26,sh.600511,33.6300,33.7000,32.8900,32.9700,33.4000,9501964,315579504.0000,-1.287400,HL,Down
2015-11-27,sh.600511,33.0000,33.0000,31.9000,32.5400,32.9700,12904746,416768384.0000,-1.304200,HL,Down
2015-11-30,sh.600511,32.4800,32.9900,31.5300,32.9700,32.5400,8678682,282280384.0000,1.321500,LH,Up
2015-12-01,sh.600511,32.9900,33.0700,32.1800,32.7400,32.9700,6257861,204203622.0000,-0.697600,HL,Down
2015-12-02,sh.600511,32.6100,33.4800,32.4500,33.4300,32.7400,9785198,324212688.0000,2.107500,LH,Up
2015-12-03,sh.600511,33.4000,34.7900,33.2300,34.7800,33.4300,10857713,372301488.0000,4.038300,LH,Up
2015-12-04,sh.600511,34.3100,35.4000,34.3100,34.5700,34.7800,9488807,331302272.0000,-0.603800,LH,Down
2015-12-07,sh.600511,34.4000,34.5100,33.8500,34.4800,34.5700,7206152,245975264.0000,-0.260300,LH,Down
2015-12-08,sh.600511,34.3700,34.3700,33.2500,33.5400,34.4800,6257649,211771333.0000,-2.726200,LL,Down
2015-12-09,sh.600511,33.4700,33.6500,33.1100,33.2000,33.5400,3143980,104903970.0000,-1.013700,LL,Down
2015-12-10,sh.600511,33.4000,33.5200,33.0000,33.2400,33.2000,4370162,145215896.0000,0.120500,HL,Up
2015-12-11,sh.600511,33.0100,33.7000,32.6200,33.4800,33.2400,5802582,193472354.0000,0.722000,LH,Up
2015-12-14,sh.600511,33.3500,34.3900,32.5000,34.1900,33.4800,6902974,230754958.0000,2.120700,LH,Up
2015-12-15,sh.600511,34.0000,34.8500,33.8100,34.4500,34.1900,5967531,205873413.0000,0.760500,LH,Up
2015-12-16,sh.600511,34.3500,34.6500,34.1500,34.1800,34.4500,4023658,138179230.0000,-0.783700,LL,Down
2015-12-17,sh.600511,34.2700,34.7500,34.2600,34.6200,34.1800,5808333,200566631.0000,1.287300,HH,Up
2015-12-18,sh.600511,34.5500,34.6900,34.0100,34.1000,34.6200,5186935,177734439.0000,-1.502000,LL,Down
2015-12-21,sh.600511,34.0700,35.3800,34.0000,34.8400,34.1000,8598849,299463808.0000,2.170100,LH,Up
2015-12-22,sh.600511,35.0000,35.5500,34.6000,35.0300,34.8400,7142832,250020623.0000,0.545300,HH,Up
2015-12-23,sh.600511,35.1400,36.3500,34.9000,35.5500,35.0300,11729074,417082352.0000,1.484400,HH,Up
2015-12-24,sh.600511,35.4600,35.7000,34.6600,35.1800,35.5500,5527990,193883906.0000,-1.040800,LL,Down
2015-12-25,sh.600511,35.1500,35.4500,34.9600,35.2300,35.1800,4760899,167720835.0000,0.142100,LH,Up
2015-12-28,sh.600511,35.4000,37.9600,35.3200,36.4400,35.2300,19285139,713967280.0000,3.434600,HH,Up
2015-12-29,sh.600511,36.4000,37.6600,36.0100,37.6400,36.4400,9417716,346387472.0000,3.293100,LH,Up
2015-12-30,sh.600511,37.6400,37.8000,36.6500,37.4400,37.6400,6878052,256416156.0000,-0.531400,SL,Down
2015-12-31,sh.600511,37.1900,38.7700,37.1800,37.9200,37.4400,11951449,457727584.0000,1.282100,LH,Up
2016-01-04,sh.600511,38.1100,39.5000,35.1800,35.5900,37.9200,13605570,522551088.0000,-6.144500,HL,Down
2016-01-05,sh.600511,35.1000,38.5000,35.0100,38.3000,35.5900,13681784,505951120.0000,7.614500,LH,Up
2016-01-06,sh.600511,38.8500,39.8700,38.3500,38.9800,38.3000,17035393,667479040.0000,1.775500,HH,Up
2016-01-07,sh.600511,38.1500,38.1800,35.1000,35.2600,38.9800,2469951,90620111.0000,-9.543400,LL,Down
2016-01-08,sh.600511,37.0500,37.3000,34.5000,36.2700,35.2600,10609144,385455488.0000,2.864400,HL,Up
2016-01-11,sh.600511,35.2000,35.4200,32.6400,32.6400,36.2700,13461297,454607808.0000,-10.008300,LL,Down
2016-01-12,sh.600511,32.4000,33.4800,31.9100,32.1300,32.6400,5916195,193508058.0000,-1.562500,LL,Down
2016-01-13,sh.600511,32.6000,32.8900,29.8000,29.9000,32.1300,7411294,230314937.0000,-6.940600,HL,Down
2016-01-14,sh.600511,29.2000,30.9400,28.5000,30.7700,29.9000,7040110,207486904.0000,2.909700,LH,Up
2016-01-15,sh.600511,30.4800,30.9900,28.7000,28.9100,30.7700,5069205,151045032.0000,-6.044900,LL,Down
2016-01-18,sh.600511,28.5000,29.8800,28.2100,29.1900,28.9100,4135504,121318752.0000,0.968500,LH,Up
2016-01-19,sh.600511,29.2900,31.1800,29.2500,31.0600,29.1900,7176710,218782964.0000,6.406300,HH,Up
2016-01-20,sh.600511,30.8200,31.5700,30.1000,30.2600,31.0600,5593392,171892985.0000,-2.575700,LL,Down
2016-01-21,sh.600511,29.5000,30.6300,29.0000,29.1100,30.2600,4703834,141218391.0000,-3.800400,LL,Down
2016-01-22,sh.600511,29.4500,29.9900,28.2700,29.4400,29.1100,4710039,136546791.0000,1.133600,HL,Up
2016-01-25,sh.600511,29.7900,29.8000,28.3800,28.8000,29.4400,6285867,181912343.0000,-2.173900,HL,Down
2016-01-26,sh.600511,28.5000,29.2000,27.4000,27.6900,28.8000,6644226,188860209.0000,-3.854200,LL,Down
2016-01-27,sh.600511,27.5000,27.8600,25.6000,27.1500,27.6900,6338927,168273319.0000,-1.950200,LL,Down
2016-01-28,sh.600511,26.9600,26.9600,24.9000,25.0500,27.1500,4911793,128150431.0000,-7.734800,LL,Down
2016-01-29,sh.600511,25.2100,26.1800,24.7500,25.8400,25.0500,6826246,173966469.0000,3.153700,HH,Up
2016-02-01,sh.600511,25.6000,25.7700,24.8000,25.1400,25.8400,3914918,98336452.0000,-2.709000,LL,Down
2016-02-02,sh.600511,25.2500,26.1400,25.1400,26.0400,25.1400,3930015,101466543.0000,3.580000,HH,Up
2016-02-03,sh.600511,25.5500,26.5700,25.2700,26.2700,26.0400,3384235,87651872.0000,0.883300,LH,Up
2016-02-04,sh.600511,26.4800,26.9500,26.2000,26.9100,26.2700,3886663,103579965.0000,2.436200,HH,Up
2016-02-05,sh.600511,26.9300,27.3000,26.7300,27.0500,26.9100,2401840,64947503.0000,0.520300,HH,Up
2016-02-15,sh.600511,26.3800,27.3800,25.6200,26.6400,27.0500,4547566,120109055.0000,-1.515700,LH,Down
2016-02-16,sh.600511,26.8800,27.9700,26.8100,27.8100,26.6400,4471865,122689192.0000,4.391900,HH,Up
2016-02-17,sh.600511,27.7200,27.7200,27.3700,27.5200,27.8100,3237658,88980276.0000,-1.042800,LL,Down
2016-08-04,sh.600511,30.1600,30.1600,30.1600,30.1600,27.4200,190893,5757333.0000,9.992700,HS,Up
2016-08-05,sh.600511,33.1800,33.1800,31.5000,32.6100,30.1600,36185304,1181858400.0000,8.123300,HL,Up
2016-08-08,sh.600511,32.3000,32.6000,31.2500,32.5500,32.6100,16648743,529077312.0000,-0.184000,LH,Down
2016-08-09,sh.600511,32.2400,32.4400,31.8700,32.2500,32.5500,8602791,276447456.0000,-0.921700,LH,Down
2016-08-10,sh.600511,32.0300,32.7600,31.5600,31.7900,32.2500,8100593,260588328.0000,-1.426400,LL,Down
2016-08-11,sh.600511,31.4000,31.5000,30.6500,31.0100,31.7900,6938165,215742456.0000,-2.453600,LL,Down
2016-08-12,sh.600511,31.0800,31.3000,30.8000,31.2700,31.0100,3344278,103864678.0000,0.838400,HH,Up
2016-08-15,sh.600511,31.5300,32.0000,30.9500,31.5300,31.2700,7549653,237398365.0000,0.831500,HS,Up
2016-08-16,sh.600511,31.6000,32.1000,31.4900,31.6500,31.5300,5391356,170906413.0000,0.380600,HH,Up
2016-08-17,sh.600511,31.8100,32.4300,31.6500,32.1400,31.6500,6063553,194554044.0000,1.548200,HH,Up
2016-08-18,sh.600511,32.1400,32.3600,31.3300,31.3700,32.1400,5384644,171082807.0000,-2.395800,SL,Down
2016-08-19,sh.600511,31.7800,31.9800,31.5500,31.7300,31.3700,4154958,131935013.0000,1.147600,HL,Up
2016-08-22,sh.600511,31.8900,32.3400,31.5100,31.5400,31.7300,4368171,139376815.0000,-0.598800,HL,Down
2016-08-23,sh.600511,31.3300,32.1900,31.3300,31.8900,31.5400,4818428,153675766.0000,1.109700,LH,Up
2016-08-24,sh.600511,31.9700,32.1500,31.7200,31.8700,31.8900,3432381,109539329.0000,-0.062700,HL,Down
2016-08-25,sh.600511,31.5900,31.6000,30.7200,31.0500,31.8700,4276210,132949587.0000,-2.573000,LL,Down
2016-08-26,sh.600511,31.1500,31.4700,30.9100,31.2900,31.0500,4050269,126519623.0000,0.773000,HH,Up
2016-08-29,sh.600511,31.2000,31.4900,30.9500,31.4400,31.2900,4063757,127051257.0000,0.479400,LH,Up
2016-08-30,sh.600511,31.4300,32.0900,31.3300,31.9100,31.4400,4317098,137132038.0000,1.494900,LH,Up
2016-08-31,sh.600511,32.0000,33.4000,31.7600,33.3500,31.9100,8415880,273329920.0000,4.512700,HH,Up
2016-09-01,sh.600511,33.0300,33.9800,32.6800,32.7900,33.3500,6653592,222405515.0000,-1.679200,LL,Down
2016-09-02,sh.600511,32.4500,33.7600,32.4500,32.5700,32.7900,5004245,165302018.0000,-0.670900,LH,Down
2016-09-05,sh.600511,32.9000,33.9500,32.4100,33.5500,32.5700,5654544,188282329.0000,3.008903,HH,Up
2016-09-06,sh.600511,33.4000,34.4700,33.3700,34.1200,33.5500,7636208,259722380.0000,1.698956,LH,Up
2016-09-07,sh.600511,34.1500,34.5700,33.5800,33.7500,34.1200,4520510,153823901.0000,-1.084405,HL,Down
2016-09-08,sh.600511,33.8800,33.9000,32.9900,33.5900,33.7500,2792361,93701999.0000,-0.474074,HL,Down
2016-09-09,sh.600511,33.5400,33.5400,32.7100,32.9900,33.5900,3460485,114475034.0000,-1.786241,LL,Down
2016-09-12,sh.600511,32.2500,32.5000,31.0300,31.8500,32.9900,4875567,156340279.0000,-3.455596,LL,Down
2016-09-13,sh.600511,32.0800,32.3600,31.5500,32.1600,31.8500,3160219,100757221.0000,0.973311,HH,Up
2016-09-14,sh.600511,31.9000,32.7800,31.7300,32.6500,32.1600,3839135,124484525.0000,1.523637,LH,Up
2016-09-19,sh.600511,32.6000,33.1000,32.5000,32.8700,32.6500,1647701,54158343.0000,0.673805,LH,Up
2016-09-20,sh.600511,32.8000,33.0600,32.2700,32.4000,32.8700,2439977,79397421.0000,-1.429868,LL,Down
2016-09-21,sh.600511,32.4000,32.4000,32.0500,32.0900,32.4000,1803641,57983250.0000,-0.956794,SL,Down
2016-09-22,sh.600511,32.3000,32.5800,31.7000,31.8000,32.0900,3138104,100610057.0000,-0.903711,HL,Down
2016-09-23,sh.600511,31.8800,31.9000,31.5000,31.5600,31.8000,2272156,71952743.0000,-0.754716,HL,Down
2016-09-26,sh.600511,31.5800,31.8800,30.1500,30.6000,31.5600,2941243,91846100.0000,-3.041822,HL,Down
2016-09-27,sh.600511,30.7000,30.8900,30.4700,30.7600,30.6000,1871311,57401406.0000,0.522875,HH,Up
2016-09-28,sh.600511,30.7700,31.7800,30.7500,31.6300,30.7600,4310553,135991317.0000,2.828345,HH,Up
2016-09-29,sh.600511,31.5300,31.7300,30.8000,30.9400,31.6300,3992946,124541036.0000,-2.181469,LL,Down
2016-09-30,sh.600511,30.9000,31.2700,30.7600,31.0200,30.9400,3454198,107057876.0000,0.258565,LH,Up
2016-10-10,sh.600511,31.1400,31.9800,31.1300,31.8800,31.0200,2510071,79497131.0000,2.772401,HH,Up
2016-10-11,sh.600511,31.8800,31.9500,31.6800,31.9200,31.8800,1945563,61906423.0000,0.125473,SH,Up
2016-10-12,sh.600511,31.9000,32.1000,31.6700,31.8900,31.9200,2052650,65466592.0000,-0.093987,LL,Down
2016-10-13,sh.600511,32.0000,32.0000,31.5000,31.6400,31.8900,2519827,80022192.0000,-0.783945,HL,Down
2016-10-14,sh.600511,31.8800,31.8800,31.2200,31.6100,31.6400,2361871,74256141.0000,-0.094813,HL,Down
2016-10-17,sh.600511,31.6000,31.7900,31.2000,31.2800,31.6100,3057670,96271841.0000,-1.043973,LL,Down
2016-10-18,sh.600511,31.3000,32.2800,31.1500,32.1900,31.2800,4671650,148434791.0000,2.909200,HH,Up
2016-10-19,sh.600511,32.1000,32.2000,31.7700,31.8800,32.1900,2273770,72666115.0000,-0.963030,LL,Down
2016-10-20,sh.600511,31.9000,31.9400,31.6900,31.8200,31.8800,1635496,51999619.0000,-0.188204,HL,Down
2016-10-21,sh.600511,31.8200,31.9500,31.5000,31.5900,31.8200,1966055,62321011.0000,-0.722814,SL,Down
2016-10-24,sh.600511,31.6700,31.9800,31.5100,31.8300,31.5900,2834131,89891683.0000,0.759733,HH,Up
2016-10-25,sh.600511,31.8600,32.0500,31.7800,31.8500,31.8300,3353868,107082960.0000,0.062835,HL,Up
2016-10-26,sh.600511,31.8900,32.0000,31.5800,31.6500,31.8500,2400511,76138920.0000,-0.627946,HL,Down
2016-10-27,sh.600511,31.7000,32.0000,31.5000,31.8000,31.6500,2034325,64533213.0000,0.473932,HH,Up
2016-10-28,sh.600511,31.9600,32.5800,31.8300,32.2900,31.8000,4505568,145454478.0000,1.540886,HH,Up
2016-10-31,sh.600511,32.4500,32.4600,32.1500,32.3300,32.2900,3807542,122962088.0000,0.123880,HL,Up
2016-11-01,sh.600511,32.3300,32.4300,32.1000,32.4100,32.3300,4073874,131302536.0000,0.247442,SH,Up
2016-11-02,sh.600511,32.4100,32.4100,31.8700,31.9800,32.4100,3037132,97571562.0000,-1.326752,SL,Down
2016-11-03,sh.600511,31.9800,32.2500,31.7200,32.0600,31.9800,3141665,100448846.0000,0.250162,SH,Up
2016-11-04,sh.600511,31.9500,32.0900,31.4200,31.4800,32.0600,3261432,103677463.0000,-1.809114,LL,Down
2016-11-07,sh.600511,31.4100,31.5000,31.0900,31.2700,31.4800,2828307,88235128.0000,-0.667087,LL,Down
2016-11-08,sh.600511,31.4400,31.6500,31.2500,31.5900,31.2700,2127702,66864604.0000,1.023344,HH,Up
2016-11-09,sh.600511,31.5300,31.6000,30.7100,30.8100,31.5900,3817894,118760796.0000,-2.469138,LL,Down
2016-11-10,sh.600511,31.1800,31.5000,30.9500,31.3700,30.8100,3169701,99156604.0000,1.817596,HH,Up
2016-11-11,sh.600511,31.3700,31.4600,31.1100,31.2500,31.3700,2842671,88816177.0000,-0.382534,SL,Down
2016-11-14,sh.600511,31.4400,31.6700,31.2000,31.3800,31.2500,3141502,98751160.0000,0.415997,HL,Up
2016-11-15,sh.600511,31.3800,31.3900,31.0500,31.3600,31.3800,1934986,60437291.0000,-0.063730,SL,Down
2016-11-16,sh.600511,31.4400,31.4700,31.2800,31.3700,31.3600,1946559,61059239.0000,0.031888,HL,Up
2016-11-17,sh.600511,31.4000,31.5000,31.0800,31.2600,31.3700,1648344,51493754.0000,-0.350655,HL,Down
2016-11-18,sh.600511,31.3000,31.3400,31.0500,31.0800,31.2600,1971674,61442964.0000,-0.575817,HL,Down
2016-11-21,sh.600511,30.9500,31.2100,30.7100,30.9200,31.0800,3877674,119786199.0000,-0.514800,LL,Down
2016-11-22,sh.600511,30.9600,31.0400,30.8100,30.9700,30.9200,2659649,82240720.0000,0.161705,HH,Up
2016-11-23,sh.600511,31.0000,31.0000,30.6100,30.7000,30.9700,2087639,64314165.0000,-0.871807,HL,Down
2016-11-24,sh.600511,30.6600,31.6400,30.4000,31.5300,30.7000,5882631,183169725.0000,2.703583,LH,Up
2016-11-25,sh.600511,31.3400,31.5800,31.1400,31.4100,31.5300,3592935,112693576.0000,-0.380593,LH,Down
2016-11-28,sh.600511,31.3100,31.7900,31.3100,31.5000,31.4100,2890501,91288963.0000,0.286533,LH,Up
2016-11-29,sh.600511,31.5000,32.1000,31.3200,31.7300,31.5000,4108724,130751745.0000,0.730157,SH,Up
2016-11-30,sh.600511,31.6900,31.6900,31.2600,31.2700,31.7300,2853029,89575596.0000,-1.449729,LL,Down
2016-12-01,sh.600511,31.0900,31.6200,31.0800,31.5100,31.2700,3608567,113325140.0000,0.767508,LH,Up
2016-12-02,sh.600511,31.5400,32.0800,31.4000,31.7600,31.5100,3953773,125478766.0000,0.793399,HH,Up
2016-12-05,sh.600511,31.8800,32.1000,31.6500,31.9200,31.7600,4437435,141358172.0000,0.503778,HH,Up
2016-12-06,sh.600511,32.0800,32.0800,31.6800,31.8700,31.9200,2494503,79429126.0000,-0.156639,HL,Down
2016-12-07,sh.600511,31.9600,32.1000,31.6200,32.0100,31.8700,3164862,100882661.0000,0.439277,HH,Up
2016-12-08,sh.600511,32.3300,33.5500,32.0500,32.5100,32.0100,8401236,275252976.0000,1.562012,HH,Up
2016-12-09,sh.600511,32.4900,32.4900,31.6600,31.7700,32.5100,4967349,158880727.0000,-2.276216,LL,Down
2016-12-12,sh.600511,31.5500,31.8500,30.2800,30.3800,31.7700,5487665,169715696.0000,-4.375201,LL,Down
2016-12-13,sh.600511,30.4000,30.8300,29.8000,30.7300,30.3800,5068249,153931886.0000,1.152075,HH,Up
2016-12-14,sh.600511,30.7000,30.7000,29.9300,30.0200,30.7300,3772076,114659767.0000,-2.310443,LL,Down
2016-12-15,sh.600511,29.9000,30.4000,29.9000,30.0800,30.0200,2777077,83473978.0000,0.199865,LH,Up
2016-12-16,sh.600511,30.0500,30.2500,29.9000,30.0200,30.0800,1980764,59533318.0000,-0.199466,LL,Down
2016-12-19,sh.600511,30.0100,30.7100,29.9100,30.6000,30.0200,3740683,113479791.0000,1.932045,LH,Up
2016-12-20,sh.600511,30.4800,30.6100,30.3300,30.5200,30.6000,1480757,45124187.0000,-0.261438,LH,Down
2016-12-21,sh.600511,30.5000,30.7600,30.4100,30.5700,30.5200,2662100,81491962.0000,0.163825,LH,Up
2016-12-22,sh.600511,30.5000,30.7500,30.3700,30.6100,30.5700,1959552,59942913.0000,0.130850,LH,Up
2016-12-23,sh.600511,30.6100,30.6600,30.4100,30.4900,30.6100,1574530,48045490.0000,-0.392031,SL,Down
2016-12-26,sh.600511,30.4900,30.5200,29.8200,30.4400,30.4900,2575070,77666852.0000,-0.163986,SL,Down
2016-12-27,sh.600511,30.4400,30.6700,30.3000,30.6400,30.4400,2263908,69155466.0000,0.657026,SH,Up
2016-12-28,sh.600511,30.6300,30.6300,30.2700,30.3600,30.6400,2200213,66918471.0000,-0.913834,LL,Down
2016-12-29,sh.600511,30.3900,30.3900,29.7500,29.9500,30.3600,3761786,112786772.0000,-1.350461,HL,Down
2016-12-30,sh.600511,29.9500,30.1500,29.8500,30.1000,29.9500,3261095,97823754.0000,0.500834,SH,Up
2017-01-03,sh.600511,30.1100,30.2100,30.0000,30.1700,30.1000,3760459,113281045.0000,0.232557,HH,Up
2017-01-04,sh.600511,30.3000,30.5100,30.2000,30.4600,30.1700,3785142,114878137.0000,0.961216,HH,Up
2017-01-05,sh.600511,30.4700,30.6000,30.3200,30.4900,30.4600,2056511,62697304.0000,0.098492,HH,Up
2017-01-06,sh.600511,30.5700,30.6800,30.4000,30.5100,30.4900,2933606,89495539.0000,0.065597,HL,Up
2017-01-09,sh.600511,30.4100,32.0100,30.4100,31.4900,30.5100,8506262,268472912.0000,3.212060,LH,Up
2017-01-10,sh.600511,31.5000,32.2500,31.4900,31.8200,31.4900,6808799,217313958.0000,1.047952,HH,Up
2017-01-18,sh.600511,31.1000,31.5400,30.7100,31.3700,31.8200,5935064,184999438.0000,-1.414201,LH,Down
2017-01-19,sh.600511,31.2600,31.9200,31.1000,31.4200,31.3700,4248071,133696665.0000,0.159386,LH,Up
2017-01-20,sh.600511,31.4200,32.2000,31.4200,31.9500,31.4200,4789354,152743027.0000,1.686826,SH,Up
2017-01-23,sh.600511,31.9000,32.7500,31.9000,32.4000,31.9500,4812632,155772272.0000,1.408453,LH,Up
2017-01-24,sh.600511,32.2000,32.4000,31.8500,31.9300,32.4000,2969675,95068479.0000,-1.450621,LL,Down
2017-01-25,sh.600511,31.8400,32.6200,31.7400,32.5900,31.9300,4456603,144007301.0000,2.067021,LH,Up
2017-01-26,sh.600511,32.4800,32.9700,32.4800,32.6300,32.5900,3076185,100716772.0000,0.122740,LH,Up
2017-02-03,sh.600511,32.6500,32.6600,32.2200,32.4800,32.6300,1947416,63051071.0000,-0.459704,HL,Down
2017-02-06,sh.600511,32.5000,32.6300,32.3500,32.4800,32.4800,3479378,113052309.0000,0.000000,HL,Smooth
2017-02-07,sh.600511,32.4300,32.5500,32.2100,32.3500,32.4800,3109637,100667196.0000,-0.400250,LL,Down
2017-02-08,sh.600511,32.3500,32.6000,32.3000,32.4400,32.3500,3126640,101423458.0000,0.278208,SH,Up
2017-02-09,sh.600511,32.4500,32.6800,32.2500,32.6400,32.4400,3657172,119032054.0000,0.616525,HH,Up
2017-02-10,sh.600511,32.9500,33.2900,32.7800,32.8100,32.6400,5558788,183690097.0000,0.520839,HL,Up
2017-02-13,sh.600511,32.6300,32.9000,32.5200,32.9000,32.8100,5419087,177242277.0000,0.274307,LH,Up
2017-02-14,sh.600511,32.9000,33.6400,32.7800,33.6200,32.9000,7383868,246287216.0000,2.188442,SH,Up
2017-02-15,sh.600511,33.6000,33.8800,33.0500,33.1000,33.6200,4877215,163279628.0000,-1.546700,LL,Down
2017-02-16,sh.600511,33.0900,33.2600,32.9200,33.0500,33.1000,2889436,95567248.0000,-0.151055,LL,Down
2017-02-17,sh.600511,33.0500,33.1000,32.8100,32.9300,33.0500,2462340,81176856.0000,-0.363083,SL,Down
2017-02-20,sh.600511,32.8700,33.5000,32.6900,33.4800,32.9300,3796756,125661913.0000,1.670207,LH,Up
2017-02-21,sh.600511,33.5500,33.7900,33.3000,33.4600,33.4800,4209241,141114904.0000,-0.059739,HL,Down
2017-02-22,sh.600511,33.5800,33.5800,33.2700,33.5600,33.4600,3499920,117044354.0000,0.298871,HL,Up
2017-02-23,sh.600511,33.5600,33.8700,33.2900,33.7600,33.5600,4439970,149307817.0000,0.595938,SH,Up
2017-02-24,sh.600511,33.7900,34.0800,33.6800,33.7800,33.7600,4749377,160791556.0000,0.059243,HS,Up
2017-02-27,sh.600511,33.7700,34.0700,33.0000,33.0800,33.7800,3601732,120272046.0000,-2.072223,SL,Down
2017-02-28,sh.600511,33.1800,33.1800,32.6000,32.8600,33.0800,3122688,102464214.0000,-0.665058,HL,Down
2017-03-01,sh.600511,32.9500,33.0700,32.7000,32.8700,32.8600,3093400,101793927.0000,0.030427,HL,Up
2017-03-02,sh.600511,32.8900,32.9700,32.6300,32.6800,32.8700,2626113,85997046.0000,-0.578031,HL,Down
2017-03-03,sh.600511,32.6400,32.8000,32.4200,32.7700,32.6800,3420427,111285182.0000,0.275398,LH,Up
2017-03-06,sh.600511,32.8000,33.0500,32.6200,32.9800,32.7700,3193984,104998144.0000,0.640827,HH,Up
2017-03-07,sh.600511,33.0000,33.1600,32.7400,33.1200,32.9800,3345997,109990409.0000,0.424498,HH,Up
2017-03-08,sh.600511,33.1500,33.5000,32.9100,33.4600,33.1200,4997110,166397542.0000,1.026571,HH,Up
2017-03-09,sh.600511,33.4400,33.4400,33.0300,33.2300,33.4600,2266790,75306857.0000,-0.687387,LL,Down
2017-03-10,sh.600511,33.1100,33.2300,32.9200,33.1200,33.2300,2669351,88349345.0000,-0.331028,LH,Down
2017-03-13,sh.600511,33.1200,33.5200,32.9200,33.4500,33.1200,4196320,139768287.0000,0.996382,SH,Up
2017-03-14,sh.600511,33.4700,33.5500,32.1200,32.5800,33.4500,5213537,171601934.0000,-2.600893,HL,Down
2017-03-15,sh.600511,32.5800,32.6700,32.1600,32.6200,32.5800,5128904,165995609.0000,0.122766,SH,Up
2017-03-16,sh.600511,32.5200,32.7500,32.2600,32.4500,32.6200,4260854,138001062.0000,-0.521147,LL,Down
2017-03-17,sh.600511,32.5300,32.5400,31.9900,32.0400,32.4500,3654612,117829426.0000,-1.263482,HL,Down
2017-03-20,sh.600511,32.0500,32.9000,31.9800,32.8100,32.0400,5966074,193411023.0000,2.403247,HH,Up
2017-03-21,sh.600511,32.7600,33.5400,32.5800,33.5000,32.8100,7027233,233690440.0000,2.103013,LH,Up
2017-03-22,sh.600511,33.3000,34.3400,33.2100,34.2200,33.5000,9413928,320531920.0000,2.149257,LH,Up
2017-03-23,sh.600511,34.3300,34.8200,33.8000,34.2600,34.2200,6365187,218413738.0000,0.116882,HL,Up
2017-03-24,sh.600511,34.0100,34.1800,33.5200,33.8000,34.2600,6986082,235547585.0000,-1.342671,LL,Down
2017-03-27,sh.600511,33.8000,33.8800,33.2300,33.7000,33.8000,5630900,188498299.0000,-0.295853,SL,Down
2017-03-28,sh.600511,33.7400,33.8000,33.4900,33.6100,33.7000,3738069,125689092.0000,-0.267063,HL,Down
2017-03-29,sh.600511,33.6100,34.1800,33.3000,34.0700,33.6100,5375978,181298181.0000,1.368638,SH,Up
2017-03-30,sh.600511,33.9400,34.0000,32.8600,33.0900,34.0700,4584900,152995447.0000,-2.876430,LL,Down
2017-03-31,sh.600511,33.0700,33.6400,33.0500,33.5400,33.0900,3922314,130687030.0000,1.359930,LH,Up
2017-04-05,sh.600511,33.5000,34.4600,33.5000,33.8000,33.5400,5242690,178184905.0000,0.775189,LH,Up
2017-04-06,sh.600511,33.7800,33.9900,33.3800,33.9400,33.8000,5014562,168537470.0000,0.414199,LH,Up
2017-04-07,sh.600511,33.7500,34.5000,33.6300,34.2200,33.9400,5676156,193746229.0000,0.824993,LH,Up
2017-04-10,sh.600511,34.2000,34.6900,33.9000,34.1200,34.2200,3945405,134759771.0000,-0.292233,LL,Down
2017-04-11,sh.600511,34.2000,34.2500,33.1600,33.5000,34.1200,5825301,195769404.0000,-1.817113,HL,Down
2017-04-12,sh.600511,33.4000,33.4700,32.9500,33.0200,33.5000,5411234,179111432.0000,-1.432835,LL,Down
2017-04-13,sh.600511,33.0200,33.4800,33.0200,33.2500,33.0200,3444928,114737511.0000,0.696546,SH,Up
2017-04-14,sh.600511,33.2500,33.3000,32.6000,32.6900,33.2500,3989734,131316280.0000,-1.684215,SL,Down
2017-04-17,sh.600511,32.6000,32.9600,32.3900,32.6300,32.6900,4358867,142336997.0000,-0.183535,LH,Down
2017-04-18,sh.600511,32.7900,33.1000,32.5600,32.8000,32.6300,4383924,144037753.0000,0.520987,HH,Up
2017-04-19,sh.600511,32.7000,33.9500,32.6200,33.8800,32.8000,6869978,228970576.0000,3.292689,LH,Up
2017-04-20,sh.600511,33.9000,34.6900,33.7300,34.1000,33.8800,8689913,298242544.0000,0.649343,HH,Up
2017-04-21,sh.600511,33.9700,34.4000,33.8000,34.0400,34.1000,4495299,152939300.0000,-0.175946,LH,Down
2017-04-24,sh.600511,34.0000,34.0000,33.0500,33.8400,34.0400,4104462,137488684.0000,-0.587546,LL,Down
2017-04-25,sh.600511,33.8600,35.5100,33.6700,35.2100,33.8400,7620871,264114024.0000,4.048460,HH,Up
2017-04-26,sh.600511,35.2000,35.9800,34.7000,34.9200,35.2100,9763741,346344384.0000,-0.823632,SL,Down
2017-04-27,sh.600511,34.9800,36.6600,34.6000,36.4500,34.9200,11225163,400311200.0000,4.381451,HH,Up
2017-04-28,sh.600511,36.3000,36.3200,35.5000,35.9200,36.4500,6813558,244411617.0000,-1.454054,LL,Down
2017-05-02,sh.600511,36.0000,36.0100,35.3200,35.7000,35.9200,4296796,152666604.0000,-0.612465,HL,Down
2017-05-03,sh.600511,35.5100,35.8000,35.0800,35.3500,35.7000,4402462,155674838.0000,-0.980398,LL,Down
2017-05-04,sh.600511,35.4500,35.5700,35.1000,35.3600,35.3500,4577796,161743200.0000,0.028295,HL,Smooth
2017-05-05,sh.600511,35.2600,35.3600,34.5500,34.9000,35.3600,5018945,175122115.0000,-1.300902,LL,Down
2017-05-08,sh.600511,34.6000,35.2000,34.5000,34.8300,34.9000,4812884,167745937.0000,-0.200572,LH,Down
2017-05-09,sh.600511,34.7500,34.9900,34.0100,34.4700,34.8300,3155678,108739394.0000,-1.033593,LL,Down
2017-05-10,sh.600511,34.6600,34.9000,34.3400,34.5300,34.4700,3266517,113101539.0000,0.174057,HL,Up
2017-05-11,sh.600511,34.2000,35.1400,33.7100,35.0000,34.5300,4318992,148635240.0000,1.361139,LH,Up
2017-05-12,sh.600511,34.7800,35.2200,34.6500,34.9600,34.8000,3399915,118875696.0000,0.459770,LH,Up
2017-05-15,sh.600511,34.9600,35.7600,34.9000,35.6000,34.9600,4395419,155632005.0000,1.830662,SH,Up
2017-05-16,sh.600511,35.5800,36.1300,35.1600,36.0500,35.6000,4550606,162038343.0000,1.264047,LH,Up
2017-05-17,sh.600511,35.8800,36.2000,35.0000,35.3200,36.0500,5295087,188642291.0000,-2.024964,LL,Down
2017-05-18,sh.600511,35.0000,35.6600,34.8100,35.5600,35.3200,3308464,116794716.0000,0.679507,LH,Up
2017-05-19,sh.600511,35.5400,35.8600,35.4000,35.6200,35.5600,3514713,125236772.0000,0.168722,LH,Up
2017-05-22,sh.600511,35.6200,35.8800,34.4200,34.9900,35.6200,4806352,168706754.0000,-1.768662,SL,Down
2017-05-23,sh.600511,34.9500,36.4400,34.7500,35.9300,34.9900,9288020,331853792.0000,2.686478,LH,Up
2017-05-24,sh.600511,35.6100,36.0000,35.0000,35.5700,35.9300,4957974,175824870.0000,-1.001950,LL,Down
2017-05-25,sh.600511,35.6400,36.2000,35.4900,35.8000,35.5700,4984389,178675485.0000,0.646611,HH,Up
2017-05-26,sh.600511,35.9000,35.9900,35.2200,35.4900,35.8000,4013529,142458940.0000,-0.865915,HL,Down
2017-05-31,sh.600511,35.6000,35.7900,34.5000,34.9700,35.4900,6002650,209748393.0000,-1.465203,HL,Down
2017-06-01,sh.600511,34.8800,35.1700,34.3000,34.9400,34.9700,4903471,170256707.0000,-0.085795,LH,Down
2017-06-02,sh.600511,34.8800,34.9000,34.2000,34.4800,34.9400,3951309,136474027.0000,-1.316540,LL,Down
2017-06-05,sh.600511,34.3500,34.6800,33.8000,33.9300,34.4800,4732201,161779978.0000,-1.595125,LL,Down
2017-06-06,sh.600511,34.0000,34.5200,33.9300,34.5100,33.9300,3760613,128987578.0000,1.709396,HH,Up
2017-06-07,sh.600511,34.7000,35.0100,34.5100,34.7500,34.5100,7141171,248006229.0000,0.695456,HH,Up
2017-06-08,sh.600511,34.8500,35.3500,34.5500,35.3400,34.7500,4434230,155175198.0000,1.697842,HH,Up
2017-06-09,sh.600511,35.3000,35.7800,34.9600,35.1700,35.3400,5723002,202432639.0000,-0.481047,LL,Down
2017-06-12,sh.600511,35.0000,36.1800,34.7200,35.9200,35.1700,7457731,265744331.0000,2.132499,LH,Up
2017-06-13,sh.600511,35.8000,36.1000,35.5000,35.7500,35.9200,4905662,175681302.0000,-0.473269,LL,Down
2017-06-14,sh.600511,35.6400,35.9600,34.5700,34.6300,35.7500,6074941,212944640.0000,-3.132864,LL,Down
2017-06-15,sh.600511,34.7000,35.1600,34.4600,35.1500,34.6300,4153621,144635286.0000,1.501589,HH,Up
2017-06-16,sh.600511,35.1200,35.1400,34.4500,34.5300,35.1500,4551834,157798254.0000,-1.763877,LL,Down
2017-06-19,sh.600511,34.6700,34.8800,34.4600,34.8200,34.5300,3338449,115670225.0000,0.839852,HH,Up
2017-06-20,sh.600511,34.7100,35.3800,34.7100,34.9000,34.8200,4487340,157583318.0000,0.229758,LH,Up
2017-06-21,sh.600511,35.0000,35.9100,34.9000,35.7900,34.9000,6773159,240823938.0000,2.550141,HH,Up
2017-06-22,sh.600511,35.7600,35.9500,35.1900,35.3500,35.7900,5701818,203112399.0000,-1.229401,LL,Down
2017-06-23,sh.600511,35.3000,35.9500,34.7500,35.9000,35.3500,4676787,164678818.0000,1.555879,LH,Up
2017-06-26,sh.600511,35.9900,36.9000,35.8800,36.3900,35.9000,9199709,336356432.0000,1.364897,HH,Up
2017-06-27,sh.600511,36.3900,36.6900,36.1200,36.4700,36.3900,4198159,152751696.0000,0.219846,SH,Up
2017-06-28,sh.600511,36.5000,36.5000,36.0400,36.1200,36.4700,3325458,120696558.0000,-0.959699,HL,Down
2017-06-29,sh.600511,35.9900,36.4800,35.9500,36.0400,36.1200,2744789,99339676.0000,-0.221478,LH,Down
2017-06-30,sh.600511,35.8800,36.2800,35.7300,36.2400,36.0400,3517954,126659273.0000,0.554941,LH,Up
2017-07-03,sh.600511,36.2700,36.6000,35.7900,36.0300,36.2400,4596060,165870568.0000,-0.579478,HL,Down
2017-07-04,sh.600511,35.9500,35.9500,35.2800,35.4400,36.0300,4578062,162374417.0000,-1.637525,LL,Down
2017-07-05,sh.600511,35.3000,35.7100,35.1500,35.5800,35.4400,4885990,173146496.0000,0.395043,LH,Up
2017-07-06,sh.600511,35.4000,35.5800,34.9600,35.3100,35.5800,5848700,206319019.0000,-0.758854,LL,Down
2017-07-07,sh.600511,35.1500,35.2500,34.9500,35.1200,35.3100,3989411,139921297.0000,-0.538098,LL,Down
2017-07-10,sh.600511,35.1800,35.1800,31.6100,31.7700,35.1200,24509085,793685664.0000,-9.538720,HL,Down
2017-07-11,sh.600511,31.5500,31.9500,31.0400,31.1100,31.7700,15559588,488617936.0000,-2.077431,LL,Down
2017-07-12,sh.600511,31.1300,31.4100,30.3000,30.8300,31.1100,10800720,332286400.0000,-0.900034,HL,Down
2017-07-13,sh.600511,31.2400,32.7500,31.2400,32.2400,30.8300,14049645,451441568.0000,4.573473,HH,Up
2017-07-14,sh.600511,32.0100,32.1300,31.7400,32.0600,32.2400,5051608,161207490.0000,-0.558314,LH,Down
2017-07-17,sh.600511,32.0200,32.4800,30.3600,31.6900,32.0600,7348172,233597343.0000,-1.154089,LL,Down
2017-07-18,sh.600511,31.3000,32.0500,31.2600,31.8600,31.6900,4041830,127948309.0000,0.536447,LH,Up
2017-07-19,sh.600511,31.6000,31.8000,31.4400,31.6400,31.8600,5168067,163261591.0000,-0.690525,LH,Down
2017-07-20,sh.600511,31.5900,31.6800,31.4000,31.4800,31.6400,4258257,134181464.0000,-0.505688,LL,Down
2017-07-21,sh.600511,31.3500,31.6800,31.1200,31.4200,31.4800,3339419,105162919.0000,-0.190596,LH,Down
2017-07-24,sh.600511,31.4400,31.4400,30.9900,31.2800,31.4200,5485107,171092432.0000,-0.445574,HL,Down
2017-07-25,sh.600511,31.2700,31.6500,31.1100,31.3100,31.2800,3512142,110309173.0000,0.095904,LH,Up
2017-07-26,sh.600511,31.2700,31.4600,30.9700,31.0600,31.3100,2291709,71338837.0000,-0.798467,LL,Down
2017-07-27,sh.600511,31.0000,31.2100,30.5900,30.9800,31.0600,4018394,124148495.0000,-0.257566,LL,Down
2017-07-28,sh.600511,30.9000,31.1900,30.9000,31.0100,30.9800,3370283,104604478.0000,0.096839,LH,Up
2017-07-31,sh.600511,31.0000,31.1000,30.7400,30.9300,31.0100,3350368,103563536.0000,-0.257981,LL,Down
2017-08-01,sh.600511,30.9300,31.2300,30.8000,31.0800,30.9300,3370752,104710464.0000,0.484965,SH,Up
2017-08-02,sh.600511,31.1600,31.2900,30.7800,30.8900,31.0800,2752197,85269295.0000,-0.611327,HL,Down
2017-08-03,sh.600511,30.5500,30.8700,30.5500,30.7100,30.8900,2649759,81378578.0000,-0.582714,LH,Down
2017-08-04,sh.600511,30.7100,30.9800,30.5500,30.7000,30.7100,2649447,81548309.0000,-0.032557,SL,Down
2017-08-07,sh.600511,30.7600,30.8200,30.4500,30.6100,30.7000,4310429,131826083.0000,-0.293160,HL,Down
2017-08-08,sh.600511,30.5600,31.2500,30.5300,31.0800,30.6100,3757643,116028633.0000,1.535444,LH,Up
2017-08-09,sh.600511,31.1400,31.2900,31.0000,31.1900,31.0800,4372312,136304467.0000,0.353927,HH,Up
2017-08-10,sh.600511,31.2800,31.2800,30.7100,30.9800,31.1900,2906101,90151579.0000,-0.673296,HL,Down
2017-08-11,sh.600511,30.6100,31.8600,30.6100,31.5700,30.9800,5596191,174881452.0000,1.904455,LH,Up
2017-08-14,sh.600511,31.4500,31.8900,31.4100,31.7400,31.5700,4329121,137448841.0000,0.538486,LH,Up
2017-08-15,sh.600511,31.6000,31.7200,31.1600,31.4300,31.7400,2800938,88061548.0000,-0.976684,LL,Down
2017-08-16,sh.600511,31.4900,31.4900,31.2200,31.3600,31.4300,2020962,63305956.0000,-0.222716,HL,Down
2017-08-17,sh.600511,31.3700,32.1400,31.3700,31.8100,31.3600,3725981,118772957.0000,1.434945,HH,Up
2017-08-18,sh.600511,31.8000,31.9900,31.5400,31.8800,31.8100,3237328,102946977.0000,0.220056,LH,Up
2017-08-21,sh.600511,31.8500,32.4300,31.7500,32.0200,31.8800,2463137,78978639.0000,0.439151,LH,Up
2017-08-22,sh.600511,32.2000,33.1800,31.9200,33.1100,32.0200,8414883,274544720.0000,3.404123,HH,Up
2017-08-23,sh.600511,32.1300,32.4000,32.0000,32.1600,33.1100,6225156,200347962.0000,-2.869226,LH,Down
2017-08-24,sh.600511,32.2000,32.2000,31.4400,31.6200,32.1600,4378920,138587401.0000,-1.679101,HL,Down
2017-08-25,sh.600511,31.4000,31.7700,31.4000,31.7200,31.6200,2381216,75360064.0000,0.316251,LH,Up
2017-08-28,sh.600511,31.7200,31.8300,31.5300,31.7300,31.7200,4793801,151872498.0000,0.031527,SH,Up
2017-08-29,sh.600511,31.7200,31.7800,31.4000,31.5500,31.7300,4056905,128007389.0000,-0.567287,LL,Down
2017-08-30,sh.600511,31.5500,31.6700,31.0100,31.1200,31.5500,4539800,141804258.0000,-1.362911,SL,Down
2017-08-31,sh.600511,31.1500,31.3200,31.0600,31.1900,31.1200,3454261,107785842.0000,0.224935,HH,Up
2017-09-01,sh.600511,31.2000,31.3500,30.8000,30.9900,31.1900,5541204,171755406.0000,-0.641234,HL,Down
2017-09-04,sh.600511,31.0300,31.2400,30.7800,31.1000,30.9900,4360968,135445511.0000,0.354955,HH,Up
2017-09-05,sh.600511,31.1500,31.6300,31.1000,31.4000,31.1000,4849409,152458249.0000,0.964628,HH,Up
2017-09-06,sh.600511,31.3700,31.6000,31.2500,31.5900,31.4000,3915995,123333039.0000,0.605097,LH,Up
2017-09-07,sh.600511,31.6000,31.6600,31.3600,31.4100,31.5900,2412882,75905960.0000,-0.569802,HL,Down
2017-09-08,sh.600511,31.4200,31.5200,31.0800,31.2100,31.4100,2751442,86031084.0000,-0.636742,HL,Down
2017-09-11,sh.600511,31.2400,31.2900,30.9700,31.0100,31.2100,3672496,114169103.0000,-0.640817,HL,Down
2017-09-12,sh.600511,31.0800,31.1700,30.7100,30.7900,31.0100,3602730,110995772.0000,-0.709446,HL,Down
2017-09-13,sh.600511,30.8100,31.0300,30.7300,30.9000,30.7900,2960785,91396128.0000,0.357255,HH,Up
2017-09-14,sh.600511,30.9900,31.0500,30.8200,30.9200,30.9000,2795754,86449899.0000,0.064726,HL,Up
2017-09-15,sh.600511,31.0000,31.0500,30.6100,30.6600,30.9200,2421669,74456892.0000,-0.840881,HL,Down
2017-09-18,sh.600511,30.6600,30.8800,30.6200,30.7900,30.6600,2679372,82410158.0000,0.424009,SH,Up
2017-09-19,sh.600511,30.7700,30.9100,30.6700,30.7200,30.7900,2498763,76813761.0000,-0.227352,LL,Down
2017-09-20,sh.600511,30.5800,30.9800,30.5800,30.8900,30.7200,2234328,68914773.0000,0.553386,LH,Up
2017-09-21,sh.600511,30.8800,30.8800,30.6500,30.7200,30.8900,2074977,63778958.0000,-0.550340,LL,Down
2017-09-22,sh.600511,30.7100,30.7600,30.3100,30.5100,30.7200,2960064,90169490.0000,-0.683591,LL,Down
2017-09-25,sh.600511,30.5100,30.6900,30.1600,30.3400,30.5100,3684956,112343626.0000,-0.557195,SL,Down
2017-09-26,sh.600511,30.2800,30.4300,29.3500,29.5600,30.3400,6203283,184710749.0000,-2.570866,LL,Down
2017-09-27,sh.600511,29.5600,29.8700,29.4600,29.5500,29.5600,2604416,77191844.0000,-0.033830,SL,Down
2017-09-28,sh.600511,29.6100,29.8300,29.5500,29.6900,29.5500,2430580,72257487.0000,0.473778,HH,Up
2017-09-29,sh.600511,29.7800,30.0200,29.7000,29.8300,29.6900,3029976,90547206.0000,0.471537,HH,Up
2017-10-09,sh.600511,30.0100,30.2200,29.9500,30.1500,29.8300,3131451,94327210.0000,1.072745,HH,Up
2017-10-10,sh.600511,30.1900,30.6300,30.1300,30.5600,30.1500,5401057,164766583.0000,1.359867,HH,Up
2017-10-11,sh.600511,30.7500,31.1200,30.6100,30.9800,30.5600,10040610,310782442.0000,1.374346,HH,Up
2017-10-12,sh.600511,31.0200,31.1600,30.5600,30.7900,30.9800,3722219,114398105.0000,-0.613294,HL,Down
2017-10-13,sh.600511,30.7000,30.9100,30.4100,30.7700,30.7900,3356084,103048031.0000,-0.064958,LH,Down
2017-10-16,sh.600511,30.6000,30.8000,30.2800,30.5600,30.7700,2448294,74756763.0000,-0.682486,LL,Down
2017-10-17,sh.600511,30.5600,30.5900,30.0300,30.1300,30.5600,2677899,80980546.0000,-1.407069,SL,Down
2017-10-18,sh.600511,30.0100,30.4500,30.0100,30.3600,30.1300,2965500,89913181.0000,0.763364,LH,Up
2017-10-19,sh.600511,30.3000,30.7500,30.1800,30.2400,30.3600,3103729,94518191.0000,-0.395260,LL,Down
2017-10-20,sh.600511,30.2000,30.2700,29.9100,30.0900,30.2400,2898832,87027183.0000,-0.496030,LL,Down
2017-10-23,sh.600511,30.0900,30.6500,29.9500,30.4500,30.0900,4395040,133332735.0000,1.196413,SH,Up
2017-10-24,sh.600511,30.4300,30.6500,30.2200,30.5400,30.4500,2943628,89581960.0000,0.295567,LH,Up
2017-10-25,sh.600511,30.5900,30.6500,30.3000,30.5100,30.5400,3762983,114514627.0000,-0.098234,HL,Down
2017-10-26,sh.600511,30.4500,30.8200,30.3400,30.4600,30.5100,4935658,150811429.0000,-0.163884,LH,Down
2017-10-27,sh.600511,30.5800,30.6600,30.2300,30.4200,30.4600,4674477,142382312.0000,-0.131317,HL,Down
2017-10-30,sh.600511,30.4900,30.4900,29.2900,29.9600,30.4200,6637609,197357855.0000,-1.512166,HL,Down
2017-10-31,sh.600511,29.9200,29.9800,29.3100,29.5700,29.9600,4109392,121589643.0000,-1.301734,LL,Down
2017-11-01,sh.600511,29.4800,29.6200,28.7400,28.7700,29.5700,7973131,231512998.0000,-2.705442,LL,Down
2017-11-02,sh.600511,28.7900,28.7900,27.7800,27.9300,28.7700,6251229,175849796.0000,-2.919708,HL,Down
2017-11-03,sh.600511,27.9500,28.1500,27.7800,27.8700,27.9300,3720854,103850848.0000,-0.214821,HL,Down
2017-11-06,sh.600511,27.9500,28.5400,27.8800,28.3600,27.8700,4567144,129082278.0000,1.758162,HH,Up
2017-11-07,sh.600511,28.3000,28.3400,28.0800,28.1600,28.3600,3293463,92839157.0000,-0.705221,LL,Down
2017-11-08,sh.600511,28.1400,28.5500,28.1300,28.3000,28.1600,3373183,95776391.0000,0.497157,LH,Up
2017-11-09,sh.600511,28.3100,28.5300,28.1500,28.4800,28.3000,2520913,71625656.0000,0.636043,HH,Up
2017-11-10,sh.600511,28.4800,28.5600,28.2500,28.3400,28.4800,2961397,83987062.0000,-0.491571,SL,Down
2017-11-13,sh.600511,28.3500,28.6500,28.1600,28.2800,28.3400,2985326,84736140.0000,-0.211713,HL,Down
2017-11-14,sh.600511,28.2800,28.2800,27.8300,27.8600,28.2800,3673483,102916735.0000,-1.485149,SL,Down
2017-11-15,sh.600511,27.9500,28.1700,27.8200,28.0100,27.8600,2628974,73602474.0000,0.538405,HH,Up
2017-11-16,sh.600511,28.0000,28.2300,27.9200,27.9900,28.0100,2994085,84112922.0000,-0.071405,LL,Down
2017-11-17,sh.600511,27.9300,28.0900,27.1600,27.1700,27.9900,3413243,93810213.0000,-2.929617,LL,Down
2017-11-20,sh.600511,27.1500,27.3000,26.6400,27.1500,27.1700,3551915,95491306.0000,-0.073612,LS,Down
2017-11-21,sh.600511,27.1400,27.6500,26.9100,27.5800,27.1500,3422799,93394084.0000,1.583795,LH,Up
2017-11-22,sh.600511,27.6000,27.6900,26.9800,27.1600,27.5800,3538900,96535365.0000,-1.522843,HL,Down
2017-11-23,sh.600511,27.2000,27.2200,27.0000,27.0200,27.1600,3279471,88731274.0000,-0.515462,HL,Down
2017-11-24,sh.600511,26.9800,27.0000,26.4000,26.7100,27.0200,4223809,112540397.0000,-1.147303,LL,Down
2017-11-27,sh.600511,26.7000,27.2400,26.5100,27.0600,26.7100,3068128,82620259.0000,1.310372,LH,Up
2017-11-28,sh.600511,26.9900,27.1700,26.7600,27.0700,27.0600,2173491,58659773.0000,0.036956,LH,Up
2017-11-29,sh.600511,27.0900,27.1400,26.2600,26.7200,27.0700,3510809,93387691.0000,-1.292946,HL,Down
2017-11-30,sh.600511,26.5700,26.8100,26.4100,26.5000,26.7200,2151650,57229495.0000,-0.823351,LL,Down
2017-12-01,sh.600511,26.6500,26.9300,26.5000,26.6900,26.5000,2311744,61847226.0000,0.716983,HH,Up
2017-12-04,sh.600511,26.6700,26.7900,26.4600,26.4700,26.6900,2186043,58079761.0000,-0.824283,LL,Down
2017-12-05,sh.600511,26.4800,26.6500,25.6400,25.9300,26.4700,3280193,85618333.0000,-2.040042,HL,Down
2017-12-06,sh.600511,25.9400,26.1700,25.4400,25.7400,25.9300,2467420,63551962.0000,-0.732744,HL,Down
2017-12-07,sh.600511,25.6100,25.7900,25.4000,25.5200,25.7400,2576170,66025831.0000,-0.854698,LL,Down
2017-12-08,sh.600511,25.4100,25.8500,25.4100,25.7200,25.5200,2305318,59263699.0000,0.783694,LH,Up
2017-12-11,sh.600511,25.7400,26.1800,25.6700,26.0400,25.7200,3136013,81623761.0000,1.244174,HH,Up
2017-12-12,sh.600511,25.8900,26.0600,25.6800,25.7000,26.0400,1419600,36664409.0000,-1.305684,LL,Down
2017-12-13,sh.600511,25.7100,26.0500,25.6300,25.9900,25.7000,1769105,45788241.0000,1.128401,HH,Up
2017-12-14,sh.600511,26.1500,26.1500,25.5800,25.7600,25.9900,2689037,69341974.0000,-0.884954,HL,Down
2017-12-15,sh.600511,25.7700,25.7900,25.2100,25.3600,25.7600,3219533,81868848.0000,-1.552794,HL,Down
2017-12-18,sh.600511,25.3300,25.5600,25.2800,25.3800,25.3600,2768089,70231175.0000,0.078859,LH,Up
2017-12-19,sh.600511,25.3500,26.1900,25.3500,26.0700,25.3800,4558668,118049982.0000,2.718678,LH,Up
2017-12-20,sh.600511,26.0600,26.1200,25.8000,26.0800,26.0700,2760603,71809013.0000,0.038359,LH,Up
2017-12-21,sh.600511,26.0900,27.3000,25.9300,26.7500,26.0800,7486693,199325767.0000,2.569019,HH,Up
2017-12-22,sh.600511,26.7300,27.6900,26.6100,27.3300,26.7500,6689709,183151437.0000,2.168224,LH,Up
2017-12-25,sh.600511,27.3200,27.5800,26.9800,27.4500,27.3300,3886911,106395109.0000,0.439081,LH,Up
2017-12-26,sh.600511,27.4500,27.8800,27.2200,27.7200,27.4500,4354304,120302711.0000,0.983601,SH,Up
2017-12-27,sh.600511,27.7400,27.8400,27.4600,27.5900,27.7200,3140937,87047567.0000,-0.468973,HL,Down
2017-12-28,sh.600511,27.6600,27.7400,27.3700,27.6400,27.5900,3873422,107060352.0000,0.181222,HL,Up
2017-12-29,sh.600511,27.5300,27.9200,27.2400,27.8000,27.6400,4149781,114355639.0000,0.578871,LH,Up
2018-01-02,sh.600511,27.7900,28.2500,27.6900,28.1300,27.8000,4331000,121307821.0000,1.187050,LH,Up
2018-01-03,sh.600511,28.2000,29.0900,27.9400,28.9400,28.1300,6666914,191469751.0000,2.879493,HH,Up
2018-01-04,sh.600511,28.9000,28.9400,28.3800,28.6100,28.9400,3824237,109602449.0000,-1.140290,LL,Down
2018-01-05,sh.600511,28.5500,28.5500,28.0600,28.1200,28.6100,4435379,125183658.0000,-1.712687,LL,Down
2018-01-08,sh.600511,28.0200,28.9100,28.0200,28.8400,28.1200,5010261,143276896.0000,2.560453,LH,Up
2018-01-09,sh.600511,28.5400,28.9600,28.4600,28.5300,28.8400,2830975,81196377.0000,-1.074894,LL,Down
2018-01-10,sh.600511,28.4700,28.6300,27.9200,28.0000,28.5300,3464930,97660606.0000,-1.857696,LL,Down
2018-01-11,sh.600511,28.2000,28.3700,28.0700,28.2600,28.0000,2921056,82474422.0000,0.928572,HH,Up
2018-01-12,sh.600511,28.2500,28.3100,28.0200,28.1900,28.2600,2177483,61348333.0000,-0.247699,LL,Down
2018-01-15,sh.600511,28.1000,28.2000,26.8900,27.0100,28.1900,4964624,136037646.0000,-4.185883,LL,Down
2018-01-16,sh.600511,27.0100,27.4900,26.8800,27.3700,27.0100,3477721,94762264.0000,1.332842,SH,Up
2018-01-17,sh.600511,27.2900,27.7400,27.0700,27.1000,27.3700,4389647,120168915.0000,-0.986483,LL,Down
2018-01-18,sh.600511,27.1100,27.4000,26.9400,26.9800,27.1000,3410205,92317379.0000,-0.442808,HL,Down
2018-01-19,sh.600511,26.9800,27.1100,26.3800,26.5300,26.9800,5666355,150792162.0000,-1.667898,SL,Down
2018-01-22,sh.600511,26.5200,27.8900,26.3000,27.7900,26.5300,6847911,185538256.0000,4.749341,LH,Up
2018-01-23,sh.600511,27.7700,27.7700,27.1700,27.3500,27.7900,4359865,119192756.0000,-1.583305,LL,Down
2018-01-24,sh.600511,27.2600,27.2600,27.0000,27.0700,27.3500,3983735,108062837.0000,-1.023768,LL,Down
2018-01-25,sh.600511,27.0500,27.3600,26.8200,26.9200,27.0700,5184367,140171495.0000,-0.554118,LL,Down
2018-01-26,sh.600511,26.9000,27.0900,26.9000,26.9900,26.9200,3689700,99630983.0000,0.260029,LH,Up
2018-01-29,sh.600511,27.0400,27.0400,26.1000,26.2600,26.9900,4755067,125758921.0000,-2.704704,HL,Down
2018-01-30,sh.600511,26.6300,28.8800,26.6000,28.4100,26.2600,12643741,351289693.0000,8.187356,HH,Up
2018-01-31,sh.600511,28.2000,28.8600,27.8400,28.6800,28.4100,8534098,242968675.0000,0.950371,LH,Up
2018-02-01,sh.600511,28.3500,28.7500,27.7100,28.2400,28.6800,4575696,129159905.0000,-1.534172,LL,Down
2018-02-02,sh.600511,28.2700,28.7600,28.0000,28.2200,28.2400,5324173,150952258.0000,-0.070823,HL,Down
2018-02-05,sh.600511,27.7700,27.9800,27.0100,27.4800,28.2200,4944820,135638843.0000,-2.622253,LL,Down
2018-02-06,sh.600511,26.9900,27.8600,26.6700,27.4400,27.4800,6046053,165603449.0000,-0.145557,LH,Down
2018-02-07,sh.600511,27.8300,27.9800,27.0500,27.5700,27.4400,4165920,114891365.0000,0.473758,HL,Up
2018-02-08,sh.600511,27.3500,28.4600,27.2300,28.3500,27.5700,4356259,121724868.0000,2.829165,LH,Up
2018-02-09,sh.600511,27.8500,28.0000,26.6800,27.3800,28.3500,5054110,137935912.0000,-3.421521,LL,Down
2018-02-12,sh.600511,27.5200,28.0200,27.0600,27.7400,27.3800,3265850,90502225.0000,1.314831,HH,Up
2018-02-13,sh.600511,28.0000,29.2000,27.7400,28.8700,27.7400,6779309,194279728.0000,4.073544,HH,Up
2018-02-14,sh.600511,28.8600,29.1800,28.5500,28.8300,28.8700,3579843,103368627.0000,-0.138555,LL,Down
2018-02-22,sh.600511,28.8900,29.1400,28.3900,29.0100,28.8300,4395194,126721164.0000,0.624351,HH,Up
2018-02-23,sh.600511,29.0200,29.9600,28.8500,29.4400,29.0100,6649780,196310050.0000,1.482249,HH,Up
2018-02-26,sh.600511,29.4500,29.8800,29.3300,29.8200,29.4400,6435355,191117872.0000,1.290758,HH,Up
2018-02-27,sh.600511,29.7200,29.8800,29.0900,29.5800,29.8200,5648144,166841841.0000,-0.804828,LL,Down
2018-02-28,sh.600511,29.3700,29.5900,29.0000,29.1900,29.5800,4459447,130490762.0000,-1.318456,LL,Down
2018-03-01,sh.600511,28.9500,29.3300,28.8200,29.2400,29.1900,3025586,88166960.0000,0.171289,LH,Up
2018-03-02,sh.600511,29.1000,30.0900,28.8800,29.6700,29.2400,6164996,183081761.0000,1.470589,LH,Up
2018-03-05,sh.600511,29.6000,30.0600,29.3100,29.6400,29.6700,3984095,118313238.0000,-0.101115,LH,Down
2018-03-06,sh.600511,29.6000,29.8800,29.1300,29.8100,29.6400,4878683,143814393.0000,0.573550,LH,Up
2018-03-07,sh.600511,29.8000,29.8000,29.2100,29.2400,29.8100,3194510,94229456.0000,-1.912109,LL,Down
2018-03-08,sh.600511,29.2100,29.7800,28.9800,29.6900,29.2400,3634594,107090311.0000,1.538990,LH,Up
2018-03-09,sh.600511,29.7000,30.5500,29.6000,30.2400,29.6900,8034059,242802527.0000,1.852473,HH,Up
2018-03-12,sh.600511,30.1300,31.1700,30.1300,30.9300,30.2400,6869361,211818671.0000,2.281748,LH,Up
2018-03-13,sh.600511,30.9000,31.0900,30.6100,30.6700,30.9300,3838084,118234671.0000,-0.840609,LL,Down
2018-03-14,sh.600511,30.7500,30.7500,29.9200,30.0900,30.6700,3798118,114601379.0000,-1.891098,HL,Down
2018-03-15,sh.600511,30.1900,30.2900,29.5600,29.6700,30.0900,3160074,94401817.0000,-1.395813,HL,Down
2018-03-16,sh.600511,29.7000,30.0500,29.5000,29.7100,29.6700,3472261,103366665.0000,0.134813,HH,Up
2018-03-19,sh.600511,29.7800,30.6900,29.5600,30.6500,29.7100,4567315,138216257.0000,3.163920,HH,Up
2018-03-20,sh.600511,30.4800,31.0600,30.3400,30.7100,30.6500,4988261,153377800.0000,0.195757,LH,Up
2018-03-21,sh.600511,30.8000,31.0900,30.4200,30.5200,30.7100,4853092,149421021.0000,-0.618687,HL,Down
2018-03-22,sh.600511,30.5300,30.8000,29.8500,30.1200,30.5200,4286888,129073929.0000,-1.310615,HL,Down
2018-03-23,sh.600511,29.2000,29.9800,28.0000,29.4500,30.1200,6413554,189689445.0000,-2.224436,LH,Down
2018-03-26,sh.600511,29.0800,30.0900,29.0100,29.7700,29.4500,6009715,177886458.0000,1.086586,LH,Up
2018-03-27,sh.600511,30.1000,30.5700,29.8000,30.1300,29.7700,7193062,217670970.0000,1.209267,HH,Up
2018-03-28,sh.600511,29.6900,30.6900,29.5000,29.6800,30.1300,5708438,171912875.0000,-1.493524,LL,Down
2018-03-29,sh.600511,29.8200,30.1400,29.4500,29.4600,29.6800,4642277,137985702.0000,-0.741244,HL,Down
2018-03-30,sh.600511,29.6800,30.6800,29.5300,30.6000,29.4600,5693955,172060919.0000,3.869658,HH,Up
2018-04-02,sh.600511,30.5800,31.0900,30.3000,30.5700,30.6000,7231340,222359599.0000,-0.098041,LL,Down
2018-04-03,sh.600511,30.3700,31.1100,30.2300,30.9900,30.5700,6426770,197422513.0000,1.373896,LH,Up
2018-04-04,sh.600511,31.2300,31.7800,30.6800,30.7800,30.9900,10104194,316278473.0000,-0.677635,HL,Down
2018-04-09,sh.600511,30.7400,31.8000,30.7400,31.6300,30.7800,9732794,307107286.0000,2.761528,LH,Up
2018-04-10,sh.600511,31.7500,31.7900,31.2400,31.6700,31.6300,5974454,187982999.0000,0.126465,HL,Up
2018-04-11,sh.600511,30.8500,30.8600,29.3700,30.4400,31.6700,22246393,666696880.0000,-3.883800,LL,Down
2018-04-12,sh.600511,29.9200,30.2000,29.7300,29.8600,30.4400,7254135,217235581.0000,-1.905387,LL,Down
2018-04-13,sh.600511,30.0100,30.1800,28.8800,28.9200,29.8600,7218248,211648860.0000,-3.148026,HL,Down
2018-04-16,sh.600511,28.9200,29.2700,28.4900,28.8000,28.9200,4187615,120864538.0000,-0.414941,SL,Down
2018-04-17,sh.600511,28.7900,29.0500,28.5000,28.6100,28.8000,4333210,124651795.0000,-0.659717,LL,Down
2018-04-18,sh.600511,28.8800,28.9200,27.7500,28.6800,28.6100,3280676,93241274.0000,0.244669,HL,Up
2018-04-19,sh.600511,28.4600,28.9300,28.4600,28.8800,28.6800,2604556,75026964.0000,0.697346,LH,Up
2018-04-20,sh.600511,28.8500,28.8500,27.4000,27.4500,28.8800,3337345,93907863.0000,-4.951518,LL,Down
2018-04-23,sh.600511,27.6000,27.7500,25.9700,26.2900,27.4500,8214132,218057835.0000,-4.225864,HL,Down
2018-04-24,sh.600511,26.3200,28.6600,26.3200,28.2200,26.2900,6671606,184855981.0000,7.341188,HH,Up
2018-04-25,sh.600511,28.0200,28.4500,27.9100,28.2300,28.2200,4001243,112738255.0000,0.035437,LH,Up
2018-04-26,sh.600511,28.1800,29.1200,28.0100,28.0600,28.2300,3665403,104200431.0000,-0.602197,LL,Down
2018-04-27,sh.600511,28.2500,28.8700,28.1000,28.4100,28.0600,3875766,110665907.0000,1.247329,HH,Up
2018-05-02,sh.600511,28.4100,28.6500,27.6500,28.0400,28.4100,3977157,111320819.0000,-1.302355,SL,Down
2018-05-03,sh.600511,28.0400,28.2700,27.7400,28.2200,28.0400,2758051,77296171.0000,0.641934,SH,Up
2018-05-04,sh.600511,28.2200,28.9000,28.1000,28.7000,28.2200,2899527,82932163.0000,1.700927,SH,Up
2018-05-07,sh.600511,28.8200,29.5800,28.5500,29.2900,28.7000,4290794,125653156.0000,2.055750,HH,Up
2018-05-08,sh.600511,29.3600,29.8400,29.1600,29.1800,29.2900,4164671,122917976.0000,-0.375557,HL,Down
2018-05-09,sh.600511,29.2500,29.4000,28.9400,29.2400,29.1800,2439221,71122946.0000,0.205618,HL,Up
2018-05-10,sh.600511,29.4100,29.5300,29.2300,29.5000,29.2400,2274638,66870801.0000,0.889194,HH,Up
2018-05-11,sh.600511,29.5800,29.9500,28.8300,29.2100,29.5000,2972456,87174256.0000,-0.983054,HL,Down
2018-05-14,sh.600511,29.3400,29.4100,28.8500,29.3200,29.2100,2635506,76727689.0000,0.376586,HL,Up
2018-05-15,sh.600511,29.3700,29.7500,29.2200,29.6900,29.3200,3187707,93879570.0000,1.261940,HH,Up
2018-05-16,sh.600511,29.6100,29.8800,29.4100,29.5700,29.6900,3516031,104421498.0000,-0.404179,LL,Down
2018-05-17,sh.600511,29.5300,29.6900,28.6000,28.7700,29.5700,3589445,103811593.0000,-2.705442,LL,Down
2018-05-18,sh.600511,28.7300,29.0000,28.4500,28.7500,28.7700,2555427,73363570.0000,-0.069518,LH,Down
2018-05-21,sh.600511,29.0000,29.1600,28.4500,28.4900,28.7500,3740431,107317170.0000,-0.904349,HL,Down
2018-05-22,sh.600511,28.4500,29.0000,28.3600,28.9400,28.4900,3621900,104399732.0000,1.579504,LH,Up
2018-05-23,sh.600511,28.8600,29.4000,28.8200,28.8700,28.9400,4947959,144256920.0000,-0.241879,LH,Down
2018-05-24,sh.600511,28.9100,29.4100,28.7600,29.1300,28.8700,3651190,106665519.0000,0.900583,HH,Up
2018-05-25,sh.600511,29.2700,29.2700,28.4500,28.6100,29.1300,4021811,115899768.0000,-1.785096,HL,Down
2018-05-28,sh.600511,28.6800,28.8400,28.0600,28.4500,28.6100,3212788,91302328.0000,-0.559245,HL,Down
2018-05-29,sh.600511,28.3500,29.4500,28.3500,28.4900,28.4500,4060822,117446515.0000,0.140594,LH,Up
2018-05-30,sh.600511,28.2900,28.6500,27.7100,27.8300,28.4900,3356827,94290096.0000,-2.316602,LL,Down
2018-05-31,sh.600511,28.2000,28.7600,27.9600,28.5400,27.8300,3159811,89526076.0000,2.551207,HH,Up
2018-06-01,sh.600511,28.2100,28.8800,28.0100,28.1100,28.0900,4095595,116325806.0000,0.071201,HL,Up
2018-06-04,sh.600511,28.0600,28.5600,27.3000,28.3200,28.1100,4217040,118088118.0000,0.747062,LH,Up
2018-06-05,sh.600511,28.3000,29.3600,28.2800,29.3400,28.3200,5091687,147954437.0000,3.601697,LH,Up
2018-06-06,sh.600511,29.4400,29.7000,29.1100,29.3400,29.3400,2794150,81954109.0000,0.000000,HL,Smooth
2018-06-07,sh.600511,29.3500,29.4900,28.8000,29.1300,29.3400,2918058,85017737.0000,-0.715750,HL,Down
2018-06-08,sh.600511,28.9500,29.3600,28.8000,29.2000,29.1300,2620658,76310791.0000,0.240308,LH,Up
2018-06-11,sh.600511,29.0100,29.2500,28.3800,28.6200,29.2000,2942562,84710979.0000,-1.986301,LL,Down
2018-06-12,sh.600511,28.8200,29.4200,28.6200,29.4000,28.6200,2960188,86211452.0000,2.725363,HH,Up
2018-06-13,sh.600511,29.4000,29.5500,28.9300,29.0300,29.4000,2826352,82796923.0000,-1.258500,SL,Down
2018-06-14,sh.600511,28.8800,29.0700,28.4000,28.7000,29.0300,2645176,75770502.0000,-1.136755,LL,Down
2018-06-15,sh.600511,28.6000,28.7400,28.1000,28.3000,28.7000,2001873,56673312.0000,-1.393734,LL,Down
2018-06-19,sh.600511,27.9700,28.4300,26.7800,27.0000,28.3000,2907426,80145171.0000,-4.593637,LL,Down
2018-06-20,sh.600511,26.9900,27.2000,26.5300,26.7900,27.0000,2986791,80195717.0000,-0.777774,LL,Down
2018-06-21,sh.600511,26.8200,27.2500,26.6200,26.7100,26.7900,2288592,61639855.0000,-0.298626,HL,Down
2018-06-22,sh.600511,26.7900,27.0800,26.2100,26.9400,26.7100,2736546,73206291.0000,0.861106,HH,Up
2018-06-25,sh.600511,27.1100,27.6500,26.9400,27.3500,26.9400,3237849,88492877.0000,1.521900,HH,Up
2018-06-26,sh.600511,27.1300,27.8800,26.8800,27.1300,27.3500,2606501,71045660.0000,-0.804392,LS,Down
2018-06-27,sh.600511,27.1100,27.4400,26.8900,27.0000,27.1300,1613547,43863402.0000,-0.479171,LL,Down
2018-06-28,sh.600511,27.0000,27.0200,26.5100,26.6400,27.0000,1561349,41826363.0000,-1.333336,SL,Down
2018-06-29,sh.600511,26.8900,27.0900,26.4000,26.9500,26.6400,1970439,52890321.0000,1.163669,HH,Up
2018-07-02,sh.600511,27.0000,27.0700,26.0100,26.3200,26.9500,1743441,46471747.0000,-2.337666,HL,Down
2018-07-03,sh.600511,26.3000,26.4800,24.9000,25.6500,26.3200,4425344,113115326.0000,-2.545593,LL,Down
2018-07-04,sh.600511,25.5100,25.7400,24.4300,24.4800,25.6500,4991085,124589672.0000,-4.561404,LL,Down
2018-07-05,sh.600511,24.6200,24.7800,23.6600,23.7100,24.4800,4430000,107371768.0000,-3.145427,HL,Down
2018-07-06,sh.600511,23.5700,23.9400,22.7000,23.4600,23.7100,4405173,103191696.0000,-1.054407,LL,Down
2018-07-09,sh.600511,24.4300,25.0700,24.1000,24.9800,23.4600,8138546,200939262.0000,6.479116,HH,Up
2018-07-10,sh.600511,24.8100,26.7900,24.6700,26.5500,24.9800,8540248,221421044.0000,6.285027,LH,Up
2018-07-11,sh.600511,26.1500,26.9200,25.6000,26.5800,26.5500,4840671,128024535.0000,0.112997,LH,Up
2018-07-12,sh.600511,26.5000,27.2800,26.4800,26.9000,26.5800,2811933,76011265.0000,1.203912,LH,Up
2018-07-13,sh.600511,26.7600,27.7600,26.6500,27.5700,26.9000,3828050,105249607.0000,2.490706,LH,Up
2018-07-16,sh.600511,27.4500,27.7300,27.2000,27.5400,27.5700,2958856,81273692.0000,-0.108810,LH,Down
2018-07-17,sh.600511,27.4500,27.6700,26.8500,27.3300,27.5400,2315670,63002292.0000,-0.762531,LL,Down
2018-07-18,sh.600511,27.4200,28.0600,27.3000,27.3800,27.3300,3194434,88455320.0000,0.182946,HL,Up
2018-07-19,sh.600511,27.4900,27.6700,26.6100,26.8300,27.3800,2935164,79326529.0000,-2.008763,HL,Down
2018-07-20,sh.600511,27.3700,27.7900,27.0300,27.4500,26.8300,2936114,80531735.0000,2.310849,HH,Up
2018-07-23,sh.600511,27.1600,27.1600,25.4500,26.2700,27.4500,5892560,155110755.0000,-4.298726,LL,Down
2018-07-24,sh.600511,26.2400,28.5500,26.0100,28.2600,26.2700,8170437,227002595.0000,7.575180,LH,Up
2018-07-25,sh.600511,28.3400,28.3800,27.8800,28.1800,28.2600,5398551,151932549.0000,-0.283085,HL,Down
2018-07-26,sh.600511,28.1700,28.4400,27.6000,27.7300,28.1800,4572983,128034813.0000,-1.596880,LL,Down
2018-07-27,sh.600511,28.0100,28.1100,27.4100,27.6300,27.7300,3416266,95148376.0000,-0.360622,HL,Down
2018-07-30,sh.600511,27.6200,27.7800,26.7100,26.8400,27.6300,2756444,74298499.0000,-2.859207,LL,Down
2018-07-31,sh.600511,26.8500,27.3000,26.6400,26.7100,26.8400,1696884,45595642.0000,-0.484356,HL,Down
2018-08-01,sh.600511,26.9000,26.9000,25.9400,26.1300,26.7100,3072622,81584379.0000,-2.171471,HL,Down
2018-08-02,sh.600511,26.2000,26.2000,25.6000,25.9200,26.1300,2799148,72381038.0000,-0.803670,HL,Down
2018-08-03,sh.600511,26.0000,26.0200,25.0700,25.1500,25.9200,2796401,71222697.0000,-2.970681,HL,Down
2018-08-06,sh.600511,25.1400,25.1400,23.7100,24.3200,25.1500,3831769,93622513.0000,-3.300199,LL,Down
2018-08-07,sh.600511,24.2500,24.8000,23.5600,24.6600,24.3200,5415284,131168769.0000,1.398027,LH,Up
2018-08-08,sh.600511,24.6000,24.6200,23.9000,24.0600,24.6600,2859786,69090930.0000,-2.433092,LL,Down
2018-08-09,sh.600511,23.8700,25.0100,23.6500,24.7300,24.0600,3356856,82516172.0000,2.784705,LH,Up
2018-08-10,sh.600511,24.6300,25.4800,24.6300,25.1300,24.7300,2599622,65362053.0000,1.617467,LH,Up
2018-08-13,sh.600511,24.7400,25.4000,24.7000,25.1900,25.1300,2748716,68798981.0000,0.238764,LH,Up
2018-08-14,sh.600511,25.2100,25.4900,24.9600,25.3500,25.1900,2298210,58215573.0000,0.635172,HH,Up
2018-08-15,sh.600511,25.2100,25.3300,24.4500,24.4900,25.3500,3016767,74593822.0000,-3.392507,LL,Down
2018-08-16,sh.600511,24.2100,24.9600,24.0400,24.6700,24.4900,2305886,56901988.0000,0.734995,LH,Up
2018-08-17,sh.600511,24.7700,24.9500,24.0900,24.5000,24.6700,2066528,50513405.0000,-0.689096,HL,Down
2018-08-20,sh.600511,24.2000,24.4600,23.6000,24.2400,24.5000,5080677,121978976.0000,-1.061225,LH,Down
2018-08-21,sh.600511,24.2300,25.8300,24.0200,25.7800,24.2400,3762741,94310997.0000,6.353139,LH,Up
2018-08-22,sh.600511,25.5300,25.6500,25.0100,25.1500,25.7800,1980373,49977515.0000,-2.443759,LL,Down
2018-08-23,sh.600511,25.2500,25.2500,24.7000,24.8900,25.1500,2179628,54329328.0000,-1.033798,HL,Down
2018-08-24,sh.600511,24.8200,25.5600,24.6100,25.2300,24.8900,3538946,89019753.0000,1.366011,LH,Up
2018-08-27,sh.600511,25.4300,26.1800,25.3000,25.9600,25.2300,3406140,87983452.0000,2.893379,HH,Up
2018-08-28,sh.600511,26.0100,26.7300,26.0000,26.4000,25.9600,3154532,83452694.0000,1.694917,HH,Up
2018-08-29,sh.600511,26.4000,26.8300,26.3200,26.5500,26.4000,3116502,82791810.0000,0.568180,SH,Up
2018-08-30,sh.600511,26.4100,26.7000,26.2100,26.3800,26.5500,1669577,44101047.0000,-0.640302,LL,Down
2018-08-31,sh.600511,26.1100,26.2900,25.5600,25.8800,26.3800,2447384,63439951.0000,-1.895375,LL,Down
2018-09-03,sh.600511,26.0200,26.6200,26.0100,26.2500,25.8800,2110787,55547448.0000,1.429679,HH,Up
2018-09-04,sh.600511,26.3300,26.6500,26.1000,26.1900,26.2500,3404075,89891442.0000,-0.228569,HL,Down
2018-09-05,sh.600511,26.2800,26.7200,26.0200,26.2700,26.1900,3903529,103324623.0000,0.305460,HL,Up
2018-09-06,sh.600511,26.1300,26.4900,25.5100,25.8600,26.2700,2346951,60888757.0000,-1.560715,LL,Down
2018-09-07,sh.600511,25.6600,26.3500,25.6600,26.1500,25.8600,2964797,77314094.0000,1.121419,LH,Up
2018-09-10,sh.600511,26.3600,26.9500,25.9200,26.5200,26.1500,3087653,81985924.0000,1.414917,HH,Up
2018-09-11,sh.600511,26.5500,26.5500,25.9500,26.4400,26.5200,2872630,75270677.0000,-0.301659,HL,Down
2018-09-12,sh.600511,26.3100,26.6800,26.0100,26.4500,26.4400,2149951,56627716.0000,0.037822,LH,Up
2018-09-13,sh.600511,26.3600,26.6900,24.7800,25.3700,26.4500,4991015,126711514.0000,-4.083175,LL,Down
2018-09-14,sh.600511,25.4600,26.7300,25.1200,26.4600,25.3700,4273989,111200166.0000,4.296406,HH,Up
2018-09-17,sh.600511,26.0200,26.0300,25.3100,25.3500,26.4600,4356115,112032522.0000,-4.195006,LL,Down
2018-09-18,sh.600511,25.3500,25.8700,25.1200,25.5600,25.3500,2751744,70177639.0000,0.828399,SH,Up
2018-09-19,sh.600511,25.6200,25.9000,25.2000,25.5300,25.5600,3834347,98363961.0000,-0.117366,HL,Down
2018-09-20,sh.600511,25.5600,25.8200,25.1300,25.2500,25.5300,2141550,54517824.0000,-1.096752,HL,Down
2018-09-21,sh.600511,25.2800,26.3500,25.1800,26.2000,25.2500,3480830,89852694.0000,3.762379,HH,Up
2018-09-25,sh.600511,25.8900,26.2700,25.6800,25.8500,26.2000,2606017,67701862.0000,-1.335879,LL,Down
2018-09-26,sh.600511,25.9000,26.4900,25.7100,26.3400,25.8500,3473449,91056460.0000,1.895550,HH,Up
2018-09-27,sh.600511,26.3000,26.5800,25.8200,26.2300,26.3400,3556681,93155342.0000,-0.417618,LL,Down
2018-09-28,sh.600511,26.1900,26.4000,26.0000,26.2600,26.2300,2460401,64406520.0000,0.114376,LH,Up
2018-10-08,sh.600511,25.8000,25.8000,24.8000,25.0000,26.2600,3703027,93233623.0000,-4.798173,LL,Down
2018-10-09,sh.600511,25.0000,25.6800,25.0000,25.5000,25.0000,3040800,77404951.0000,2.000000,SH,Up
2018-10-10,sh.600511,25.4600,25.9100,25.4500,25.8200,25.5000,2568504,66104679.0000,1.254901,LH,Up
2018-10-11,sh.600511,25.3300,26.0900,24.8500,25.1100,25.8200,3404885,86912747.0000,-2.749803,LL,Down
2018-10-12,sh.600511,25.2600,25.6700,23.6700,24.1700,25.1100,5005707,122725938.0000,-3.743531,HL,Down
2018-10-15,sh.600511,24.1700,24.8000,24.1000,24.1300,24.1700,2580258,62890422.0000,-0.165498,SL,Down
2018-10-16,sh.600511,24.3300,24.3800,23.1100,23.5700,24.1300,2553651,60922194.0000,-2.320760,HL,Down
2018-10-17,sh.600511,23.6600,23.9600,23.0600,23.5600,23.5700,2987747,70454874.0000,-0.042428,HL,Down
2018-10-18,sh.600511,23.4000,23.4900,22.9000,23.1600,23.5600,2100613,48731145.0000,-1.697791,LL,Down
2018-10-19,sh.600511,23.1000,23.7900,22.5100,23.5800,23.1600,3541318,81650123.0000,1.813472,LH,Up
2018-10-22,sh.600511,23.6000,24.9100,23.5700,24.6400,23.5800,3423492,83818836.0000,4.495333,HH,Up
2018-10-23,sh.600511,24.7400,24.8800,24.2200,24.6700,24.6400,2958385,72885838.0000,0.121756,HL,Up
2018-10-24,sh.600511,24.4200,24.6800,23.9000,24.3300,24.6700,2256736,54905707.0000,-1.378193,LL,Down
2018-10-25,sh.600511,23.9000,25.2400,23.5600,25.2300,24.3300,4070885,100250799.0000,3.699135,LH,Up
2018-10-26,sh.600511,25.0000,25.5700,25.0000,25.4800,25.2300,3173863,80493061.0000,0.990884,LH,Up
2018-10-29,sh.600511,25.3500,26.1000,24.9100,25.2600,25.4800,3225010,82104799.0000,-0.863420,LL,Down
2018-10-30,sh.600511,25.0000,25.5000,24.9300,25.1900,25.2600,2867679,72389662.0000,-0.277117,LH,Down
2018-10-31,sh.600511,25.2800,25.6400,24.8800,25.2200,25.1900,3086924,77953081.0000,0.119090,HL,Up
2018-11-01,sh.600511,25.3800,25.9000,25.0200,25.1400,25.2200,2982189,76145273.0000,-0.317208,HL,Down
2018-11-02,sh.600511,25.7500,25.8900,25.2000,25.6800,25.1400,3733927,95662890.0000,2.147975,HL,Up
2018-11-05,sh.600511,25.6900,25.7700,25.0600,25.2700,25.6800,3075116,77998314.0000,-1.596573,HL,Down
2018-11-06,sh.600511,25.3500,25.3500,24.7900,25.2700,25.2700,2352717,58891178.0000,0.000000,HL,Smooth
2018-11-07,sh.600511,25.2000,25.4400,24.9300,25.1400,25.2700,4135115,104360430.0000,-0.514448,LL,Down
2018-11-08,sh.600511,25.3500,25.3800,24.8600,24.9500,25.1400,1826000,45865012.0000,-0.755762,HL,Down
2018-11-09,sh.600511,24.7100,25.0600,24.7100,24.9500,24.9500,2051904,51111122.0000,0.000000,LH,Smooth
2018-11-12,sh.600511,24.9500,26.1800,24.7100,26.0000,24.9500,5966744,153535366.0000,4.208414,SH,Up
2018-11-13,sh.600511,25.8100,26.9800,25.7700,26.8400,26.0000,5574967,148229846.0000,3.230770,LH,Up
2018-11-14,sh.600511,26.7800,27.4000,26.7700,26.9200,26.8400,3220216,86985970.0000,0.298062,LH,Up
2018-11-15,sh.600511,26.9200,27.2100,26.7100,27.0500,26.9200,2517280,68093850.0000,0.482909,SH,Up
2018-11-16,sh.600511,26.9900,27.3800,26.8000,27.1800,27.0500,2375053,64475251.0000,0.480596,LH,Up
2018-11-19,sh.600511,27.1600,27.7800,26.6000,27.4500,27.1800,2827873,77278157.0000,0.993379,LH,Up
2018-11-20,sh.600511,27.4600,27.6100,26.6000,26.6500,27.4500,1933433,52351554.0000,-2.914394,HL,Down
2018-11-21,sh.600511,26.4400,27.3800,26.4000,26.9500,26.6500,2531834,68272012.0000,1.125708,LH,Up
2018-11-22,sh.600511,27.1400,27.4600,27.0700,27.3800,26.9500,1822668,49737065.0000,1.595541,HH,Up
2018-11-23,sh.600511,27.2500,27.4900,26.6000,26.9900,27.3800,1519560,41007623.0000,-1.424395,LL,Down
2018-11-26,sh.600511,26.6900,26.8200,26.2300,26.4900,26.9900,2137426,56839774.0000,-1.852538,LL,Down
2018-11-27,sh.600511,26.7800,27.2800,26.5000,26.8500,26.4900,2078807,55948241.0000,1.359006,HH,Up
2018-11-28,sh.600511,26.9700,26.9700,26.0700,26.3700,26.8500,4010921,105772685.0000,-1.787708,HL,Down
2018-11-29,sh.600511,26.4300,27.2500,26.4300,26.8900,26.3700,2675898,72063933.0000,1.971932,HH,Up
2018-11-30,sh.600511,27.1200,27.2500,26.4200,26.5500,26.8900,3138113,83897198.0000,-1.264411,HL,Down
2018-12-03,sh.600511,26.6700,27.5500,26.4300,27.1500,26.5500,5878366,159146502.0000,2.259888,HH,Up
2018-12-04,sh.600511,26.9800,27.5300,26.9000,27.2600,27.1500,2664860,72442592.0000,0.405159,LH,Up
2018-12-05,sh.600511,27.0900,27.3100,26.8500,27.1100,27.2600,1802350,48778405.0000,-0.550255,LH,Down
2018-12-06,sh.600511,27.0500,27.0600,24.9400,25.7400,27.1100,6129894,157236694.0000,-5.053489,LL,Down
2018-12-07,sh.600511,25.1900,25.4800,24.3600,24.5900,25.7400,6734477,167143738.0000,-4.467753,LL,Down
2018-12-10,sh.600511,24.4300,24.7500,24.1600,24.2200,24.5900,2882566,70341342.0000,-1.504680,LL,Down
2018-12-11,sh.600511,24.5700,24.7200,24.1600,24.4800,24.2200,2467214,60379032.0000,1.073494,HL,Up
2018-12-12,sh.600511,24.5000,24.5500,23.8900,24.0000,24.4800,4288820,103369793.0000,-1.960783,HL,Down
2018-12-13,sh.600511,24.3000,24.4000,23.9300,23.9700,24.0000,3638098,87668822.0000,-0.125003,HL,Down
2018-12-14,sh.600511,24.0700,24.0700,23.5800,23.6500,23.9700,2824917,67155032.0000,-1.335001,HL,Down
2018-12-17,sh.600511,23.5100,23.7300,23.0200,23.3600,23.6500,2714503,63104228.0000,-1.226211,LL,Down
2018-12-18,sh.600511,23.3600,23.7900,23.2300,23.5500,23.3600,3083814,72739550.0000,0.813350,SH,Up
2018-12-19,sh.600511,23.5500,23.8000,23.2800,23.3500,23.5500,1932519,45372982.0000,-0.849252,SL,Down
2018-12-20,sh.600511,23.0700,23.3500,22.7600,23.2100,23.3500,2747913,63169943.0000,-0.599577,LH,Down
2018-12-21,sh.600511,23.1000,23.3600,22.8500,23.1100,23.2100,1969453,45526559.0000,-0.430842,LH,Down
2018-12-24,sh.600511,23.2700,23.6600,22.9900,23.3100,23.1100,2352342,55018098.0000,0.865421,HH,Up
2018-12-25,sh.600511,23.3000,23.3700,22.7500,23.1400,23.3100,2398576,55259343.0000,-0.729301,LL,Down
2018-12-26,sh.600511,23.1500,23.5500,23.1500,23.4500,23.1400,2086080,48895000.0000,1.339678,HH,Up
2018-12-27,sh.600511,23.6500,23.7100,23.2300,23.2600,23.4500,2194578,51593189.0000,-0.810237,HL,Down
2018-12-28,sh.600511,23.2500,23.5000,23.0000,23.2500,23.2600,1532914,35563753.0000,-0.042993,LS,Down
